0.203	-0.002	0.130
1.203	-0.001	0.120
2.203	-0.001	0.130
3.203	-0.001	0.150
4.203	-0.001	0.120
5.203	-0.001	0.110
6.203	-0.001	0.130
7.203	-0.001	0.130
8.203	-0.001	0.120
9.203	-0.001	0.150
10.203	-0.001	0.110
11.203	-0.001	0.130
12.203	-0.001	0.110
13.203	-0.001	0.120
14.203	-0.001	0.150
15.203	-0.001	0.160
16.203	-0.001	0.110
17.203	-0.001	0.140
18.203	-0.001	0.120
19.203	-0.001	0.110
20.203	-0.001	0.150
21.203	-0.001	0.140
22.203	-0.001	0.110
23.203	-0.001	0.150
24.203	-0.001	0.140
25.203	-0.001	0.140
26.203	-0.001	0.120
27.203	-0.001	0.140
28.203	-0.001	0.130
29.203	-0.001	0.160
30.203	-0.001	0.140
31.203	-0.001	0.120
32.203	-0.001	0.130
33.203	-0.001	0.140
34.203	-0.001	0.120
35.203	-0.001	0.110
36.203	-0.001	0.110
37.203	-0.002	0.150
38.203	-0.001	0.130
39.203	-0.001	0.110
40.203	-0.002	0.120
41.203	-0.001	0.140
42.203	-0.001	0.140
43.203	-0.001	0.120
44.203	-0.001	0.100
45.203	-0.002	0.120
46.203	-0.002	0.130
47.203	-0.001	0.120
48.203	-0.001	0.110
49.203	-0.001	0.150
50.203	-0.001	0.140
51.203	-0.001	0.140
52.203	-0.001	0.140
53.203	-0.001	0.140
54.203	-0.001	0.140
55.203	-0.001	0.140
56.203	-0.001	0.110
57.203	-0.001	0.120
58.203	-0.001	0.150
59.203	-0.090	0.330
60.203	1.266	-6.920
61.203	1.294	-10.490
62.203	1.296	-10.420
63.203	1.298	-10.510
64.203	1.298	-10.500
65.203	1.297	-10.510
66.203	1.297	-10.660
67.203	1.296	-10.540
68.203	1.296	-10.560
69.203	1.296	-10.520
70.203	1.296	-10.400
71.203	1.295	-10.470
72.203	1.295	-10.490
73.203	1.295	-10.470
74.203	1.295	-10.540
75.203	1.295	-10.500
76.203	1.295	-10.520
77.203	1.297	-10.530
78.203	1.293	-10.560
79.203	1.295	-10.510
80.203	1.296	-10.560
81.203	1.296	-10.520
82.203	1.295	-10.500
83.203	1.294	-10.560
84.203	1.294	-10.640
85.203	1.295	-10.530
86.203	1.294	-10.530
87.203	1.295	-10.450
88.203	1.295	-10.560
89.203	1.295	-10.500
90.203	1.294	-10.570
91.203	1.294	-10.530
92.203	1.295	-10.550
93.203	1.294	-10.500
94.203	1.294	-10.580
95.203	1.294	-10.540
96.203	1.294	-10.510
97.203	1.294	-10.540
98.203	1.294	-10.520
99.203	1.294	-10.560
100.203	1.294	-10.510
101.203	1.294	-10.380
102.203	1.294	-10.510
103.203	1.294	-10.560
104.203	1.294	-10.610
105.203	1.294	-10.530
106.203	1.294	-10.510
107.203	1.294	-10.550
108.203	1.294	-10.520
109.203	1.294	-10.400
110.203	1.294	-10.570
111.203	1.294	-10.510
112.203	1.294	-10.450
113.203	1.294	-10.540
114.203	1.294	-10.640
115.203	1.294	-10.500
116.203	1.294	-10.440
117.203	1.294	-10.520
118.203	1.294	-10.500
119.203	1.294	-10.510
120.203	1.294	-10.410
121.203	1.294	-10.510
122.203	1.294	-10.480
123.203	1.293	-10.580
124.203	1.294	-10.520
125.203	1.294	-10.510
126.203	1.294	-10.530
127.203	1.294	-10.460
128.203	1.294	-10.500
129.203	1.294	-10.480
130.203	1.294	-10.540
131.203	0.516	-10.610
132.203	-0.001	0.130
133.203	-0.001	0.220
134.203	-0.001	0.150
135.203	-0.001	0.150
136.203	-0.001	0.160
137.203	-0.001	0.140
138.203	-0.001	0.150
139.203	-0.001	0.170
140.203	-0.001	0.150
141.203	-0.001	0.130
142.203	-0.001	0.130
143.203	-0.001	0.150
144.203	-0.001	0.130
145.203	0.080	0.130
146.203	0.141	-13.230
147.203	0.110	-0.130
148.203	0.093	-0.000
149.203	0.078	0.090
150.203	0.044	0.200
151.203	-0.001	0.790
152.203	-0.001	0.780
153.203	-0.001	0.800
154.203	0.045	0.800
155.203	0.031	0.410
156.203	-0.001	0.630
157.203	-0.001	0.800
158.203	-0.001	0.800
159.203	-0.001	0.810
160.203	-0.001	0.790
161.203	0.028	0.420
162.203	0.022	0.630
163.203	0.017	0.680
164.203	0.013	0.680
165.203	0.011	0.710
166.203	0.009	0.690
167.203	0.008	0.740
168.203	0.006	0.730
169.203	0.005	0.760
170.203	0.005	0.780
171.203	0.004	0.750
172.203	0.003	0.770
173.203	0.003	0.770
174.203	0.002	0.760
175.203	0.002	0.780
176.203	0.001	0.770
177.203	0.001	0.780
178.203	-0.000	0.790
179.203	-0.001	0.790
180.203	-0.001	0.820
181.203	-0.001	0.780
182.203	-0.001	0.790
183.203	-0.000	0.790
184.203	-0.001	0.800
185.203	-0.001	0.790
186.203	-0.000	0.810
187.203	-0.001	0.790
188.203	-0.001	0.790
189.203	-0.001	0.800
190.203	-0.000	0.790
191.203	-0.001	0.810
192.203	-0.000	0.800
193.203	0.000	0.790
194.203	-0.001	0.790
195.203	0.001	0.820
196.203	0.001	0.800
197.203	0.001	0.800
198.203	0.002	0.800
199.203	0.002	0.790
200.203	0.003	0.800
201.203	0.003	0.810
202.203	0.004	0.790
203.203	0.004	0.790
204.203	0.004	0.820
205.203	0.005	0.800
206.203	0.005	0.790
207.203	0.005	0.810
208.203	0.006	0.810
209.203	0.006	0.810
210.203	0.006	0.820
211.203	0.006	0.810
212.203	0.006	0.820
213.203	0.006	0.810
214.203	0.007	0.810
215.203	0.007	0.800
216.203	0.007	0.820
217.203	0.007	0.810
218.203	0.007	0.790
219.203	0.007	0.830
220.203	0.007	0.800
221.203	0.007	0.820
222.203	0.007	0.830
223.203	0.008	0.810
224.203	0.007	0.800
225.203	0.007	0.810
226.203	0.008	0.800
227.203	0.008	0.820
228.203	0.008	0.800
229.203	0.008	0.820
230.203	0.008	0.810
231.203	0.008	0.830
232.203	0.008	0.800
233.203	0.008	0.800
234.203	0.008	0.800
235.203	0.008	0.820
236.203	0.008	0.800
237.203	0.008	0.810
238.203	0.008	0.810
239.203	0.008	0.830
240.203	0.008	0.800
241.203	0.008	0.810
242.203	0.008	0.790
243.203	0.008	0.820
244.203	0.008	0.810
245.203	0.008	0.800
246.203	0.008	0.800
247.203	0.008	0.810
248.203	0.008	0.810
249.203	0.008	0.800
250.203	0.008	0.820
251.203	0.008	0.810
252.203	0.008	0.810
253.203	0.008	0.810
254.203	0.008	0.830
255.203	0.008	0.810
256.203	0.008	0.810
257.203	0.008	0.830
258.203	0.008	0.820
259.203	0.008	0.810
260.203	0.008	0.820
261.203	0.008	0.810
262.203	0.008	0.820
263.203	0.008	0.830
264.203	0.008	0.800
265.203	0.007	0.810
266.203	0.007	0.810
267.203	0.007	0.810
268.203	0.007	0.800
269.203	0.007	0.800
270.203	0.007	0.810
271.203	0.007	0.820
272.203	0.007	0.820
273.203	0.005	0.810
274.203	0.006	0.810
275.203	0.007	0.830
276.203	0.007	0.830
277.203	0.007	0.810
278.203	0.007	0.830
279.203	0.007	0.820
280.203	0.008	0.810
281.203	0.008	0.820
282.203	0.007	0.830
283.203	0.008	0.810
284.203	0.008	0.820
285.203	0.008	0.830
286.203	0.008	0.820
287.203	0.008	0.800
288.203	0.008	0.810
289.203	0.008	0.820
290.203	0.009	0.820
291.203	0.009	0.810
292.203	0.008	0.820
293.203	0.009	0.830
294.203	0.009	0.810
295.203	0.009	0.810
296.203	0.009	0.830
297.203	0.009	0.820
298.203	0.009	0.820
299.203	0.009	0.810
300.203	0.009	0.800
301.203	0.009	0.830
302.203	0.009	0.820
303.203	0.009	0.810
