0.227	659.425	-22.219
1.227	659.442	-22.215
2.227	659.459	-22.219
3.227	659.483	-22.212
4.227	659.524	-22.218
5.227	659.529	-22.215
6.227	660.929	-22.220
7.227	688.703	-22.476
8.227	712.336	-23.416
9.227	765.040	-24.680
10.227	813.379	-27.052
11.227	783.154	-27.256
12.227	783.063	-27.271
13.227	863.291	-27.413
14.227	937.728	-32.560
15.227	937.593	-32.700
16.227	937.460	-32.780
17.227	937.356	-32.820
18.227	937.329	-32.860
19.227	937.310	-32.880
20.227	937.276	-32.900
21.227	937.232	-32.920
22.227	937.148	-32.940
23.227	937.645	-32.940
24.227	990.151	-33.530
25.227	1072.813	-36.290
26.227	1120.932	-38.630
27.227	1124.503	-40.010
28.227	1124.358	-40.140
29.227	1124.197	-40.190
30.227	1162.159	-40.430
31.227	1226.154	-42.410
32.227	1195.064	-44.110
33.227	1195.461	-43.660
34.227	1221.111	-43.650
35.227	1324.010	-45.660
36.227	1325.502	-48.020
37.227	1325.213	-48.140
38.227	1324.955	-48.210
39.227	1324.727	-48.230
40.227	1324.511	-48.260
41.227	1324.242	-48.280
42.227	1324.039	-48.290
43.227	1323.781	-48.310
44.227	1323.603	-48.330
45.227	1323.439	-48.340
46.227	1323.350	-48.340
47.227	1322.959	-48.350
48.227	1322.769	-48.350
49.227	1322.599	-48.340
50.227	1322.418	-48.360
51.227	1322.190	-48.360
52.227	1321.976	-48.360
53.227	1321.812	-48.360
54.227	1321.610	-48.380
55.227	1321.417	-48.380
56.227	1321.217	-48.350
57.227	1321.044	-48.360
58.227	1320.843	-48.360
59.227	1320.658	-48.370
60.227	1320.486	-48.370
61.227	1320.316	-48.370
62.227	1320.119	-48.360
63.227	1319.918	-48.370
64.227	1319.719	-48.380
65.227	1294.045	-48.370
66.227	31.030	-28.880
67.227	9.598	-4.801
68.227	9.594	-4.218
69.227	9.589	-4.145
70.227	9.588	-4.097
71.227	9.588	-4.061
72.227	-0.008	-4.051
73.227	-0.006	-4.026
74.227	-0.005	-4.010
75.227	-0.006	-3.994
76.227	-0.007	-3.971
77.227	-0.006	-3.984
78.227	-0.005	-3.967
79.227	-0.007	-3.955
80.227	-0.008	-3.950
81.227	-0.009	-3.938
82.227	-0.006	-3.941
83.227	-0.003	-3.935
84.227	-0.006	-3.929
85.227	-0.009	-3.926
86.227	-0.009	-3.911
87.227	-0.008	-3.908
88.227	-0.006	-3.903
89.227	-0.003	-3.904
90.227	-0.005	-3.900
91.227	-0.008	-3.893
92.227	-0.004	-3.898
93.227	-0.003	-3.892
94.227	-0.005	-3.887
95.227	-0.004	-3.883
96.227	-0.004	-3.878
97.227	-0.004	-3.873
98.227	-0.005	-3.876
99.227	-0.004	-3.865
100.227	-0.004	-3.871
101.227	-0.007	-3.866
102.227	-0.005	-3.864
103.227	-0.006	-3.861
104.227	-0.005	-3.856
105.227	-0.005	-3.851
106.227	-0.005	-3.858
107.227	-0.006	-3.852
108.227	-0.004	-3.854
109.227	-0.004	-3.853
110.227	-0.004	-3.838
111.227	-0.004	-3.841
112.227	-0.004	-3.834
113.227	-0.004	-3.838
114.227	-0.005	-3.843
115.227	-0.004	-3.838
116.227	-0.003	-3.831
117.227	-0.004	-3.827
118.227	-0.004	-3.828
119.227	-0.004	-3.822
120.227	-0.003	-3.827
121.227	-0.004	-3.828
122.227	-0.005	-3.816
123.227	-0.005	-3.824
124.227	-0.005	-3.804
125.227	-0.004	-3.805
126.227	-0.004	-3.826
127.227	-0.005	-3.820
128.227	-0.005	-3.820
129.227	-0.004	-3.811
130.227	-0.003	-3.812
131.227	-0.004	-3.811
132.227	-0.005	-3.809
133.227	-0.002	-3.820
134.227	-0.001	-3.805
135.227	-0.007	-3.807
136.227	-0.005	-3.800
137.227	-0.008	-3.790
138.227	-0.002	-3.809
139.227	-0.003	-3.807
140.227	-0.003	-3.801
141.227	-0.003	-3.800
142.227	-0.002	-3.790
143.227	-0.003	-3.802
144.227	-0.002	-3.794
145.227	-0.001	-3.783
146.227	-0.003	-3.798
147.227	-0.006	-3.794
148.227	-0.002	-3.787
149.227	-0.001	-3.783
150.227	-0.005	-3.788
151.227	-0.007	-3.788
152.227	-0.001	-3.800
153.227	-0.002	-3.781
154.227	-0.002	-3.788
155.227	-0.003	-3.785
156.227	-0.001	-3.785
157.227	-0.002	-3.777
158.227	-0.002	-3.779
159.227	-0.002	-3.780
160.227	-0.003	-3.779
161.227	-0.003	-3.779
162.227	-0.002	-3.774
163.227	-0.004	-3.780
164.227	-0.003	-3.774
165.227	-0.004	-3.776
166.227	0.000	-3.774
167.227	-0.003	-3.766
168.227	-0.003	-3.773
169.227	-0.001	-3.771
170.227	-0.006	-3.769
171.227	-0.005	-3.768
172.227	-0.002	-3.770
173.227	-0.003	-3.769
174.227	-0.003	-3.767
175.227	-0.002	-3.763
176.227	-0.002	-3.764
177.227	-0.004	-3.761
178.227	-0.002	-3.762
179.227	-0.003	-3.766
180.227	-0.002	-3.769
181.227	-0.001	-3.762
182.227	-0.002	-3.760
183.227	-0.002	-3.758
184.227	-0.003	-3.753
185.227	-0.001	-3.757
186.227	-0.004	-3.761
187.227	-0.002	-3.757
188.227	-0.003	-3.759
189.227	-0.001	-3.749
190.227	-0.001	-3.758
191.227	-0.003	-3.754
192.227	-0.003	-3.754
193.227	-0.003	-3.759
194.227	-0.003	-3.745
195.227	-0.003	-3.756
196.227	-0.002	-3.751
197.227	-0.003	-3.742
198.227	-0.002	-3.754
199.227	-0.002	-3.752
200.227	-0.003	-3.744
201.227	-0.002	-3.743
202.227	-0.005	-3.748
203.227	-0.001	-3.743
204.227	-0.003	-3.752
205.227	-0.003	-3.746
206.227	-0.001	-3.746
207.227	-0.001	-3.740
208.227	-0.003	-3.742
209.227	-0.002	-3.744
210.227	-0.003	-3.742
211.227	-0.003	-3.737
212.227	-0.001	-3.740
213.227	-0.000	-3.736
214.227	-0.003	-3.738
215.227	-0.002	-3.734
216.227	-0.002	-3.735
217.227	-0.003	-3.735
218.227	-0.001	-3.736
219.227	-0.003	-3.738
220.227	-0.003	-3.737
221.227	-0.003	-3.732
222.227	-0.003	-3.731
223.227	-0.003	-3.737
224.227	-0.002	-3.734
225.227	-0.003	-3.728
226.227	-0.002	-3.729
227.227	-0.003	-3.723
228.227	-0.003	-3.734
229.227	0.000	-3.734
230.227	-0.002	-3.735
231.227	-0.002	-3.724
232.227	-0.002	-3.731
233.227	-0.005	-3.727
234.227	-0.003	-3.722
235.227	-0.004	-3.725
236.227	-0.003	-3.732
237.227	-0.003	-3.726
238.227	-0.002	-3.728
239.227	-0.003	-3.725
240.227	-0.002	-3.724
241.227	-0.002	-3.720
242.227	-0.005	-3.721
243.227	-0.003	-3.720
244.227	-0.005	-3.725
245.227	-0.004	-3.730
246.227	-0.005	-3.723
247.227	-0.003	-3.714
248.227	-0.004	-3.717
249.227	-0.004	-3.718
250.227	-0.002	-3.717
251.227	-0.002	-3.719
252.227	-0.003	-3.719
253.227	-0.000	-3.722
254.227	-0.001	-3.721
255.227	-0.001	-3.713
256.227	-0.002	-3.719
257.227	-0.003	-3.714
258.227	0.000	-3.718
259.227	-0.001	-3.716
260.227	-0.002	-3.710
261.227	-0.002	-3.709
262.227	-0.002	-3.716
263.227	-0.002	-3.712
264.227	-0.001	-3.715
265.227	0.000	-3.709
266.227	-0.002	-3.708
267.227	-0.002	-3.707
268.227	-0.001	-3.705
269.227	-0.004	-3.711
270.227	-0.001	-3.709
271.227	-0.003	-3.710
272.227	-0.002	-3.709
273.227	-0.001	-3.710
274.227	-0.003	-3.705
275.227	-0.004	-3.707
276.227	-0.003	-3.706
277.227	-0.001	-3.709
278.229	-0.001	-3.711
279.227	-0.003	-3.700
280.227	-0.001	-3.710
281.227	-0.005	-3.709
282.227	-0.002	-3.711
283.227	-0.002	-3.716
284.227	-0.003	-3.713
285.227	-0.004	-3.712
286.227	-0.003	-3.704
287.227	-0.004	-3.709
288.227	-0.002	-3.708
289.227	-0.003	-3.705
290.227	-0.002	-3.708
291.227	-0.002	-3.704
292.227	-0.001	-3.707
293.227	-0.003	-3.708
294.227	-0.003	-3.711
295.227	-0.003	-3.711
296.227	-0.004	-3.701
297.227	-0.003	-3.699
298.227	-0.000	-3.698
299.227	-0.002	-3.703
300.227	-0.001	-3.705
301.227	-0.003	-3.705
302.227	-0.002	-3.699
303.227	-0.001	-3.702
304.227	-0.001	-3.693
305.227	-0.001	-3.701
306.227	-0.004	-3.695
307.227	-0.003	-3.695
308.227	-0.003	-3.693
309.227	-0.002	-3.702
310.227	-0.003	-3.702
311.227	-0.002	-3.690
312.227	-0.001	-3.696
313.227	-0.002	-3.694
314.227	-0.002	-3.690
315.227	-0.001	-3.698
316.227	-0.003	-3.696
317.227	-0.003	-3.691
318.227	-0.002	-3.690
319.227	-0.002	-3.690
320.227	-0.001	-3.689
321.227	-0.001	-3.699
322.227	-0.003	-3.694
323.227	-0.003	-3.697
324.227	-0.001	-3.692
325.227	-0.003	-3.688
326.227	-0.003	-3.679
327.227	-0.002	-3.695
328.227	-0.002	-3.695
329.227	-0.001	-3.695
330.227	-0.002	-3.689
331.227	0.000	-3.691
332.227	-0.002	-3.685
333.227	-0.001	-3.688
334.227	-0.003	-3.685
335.227	-0.002	-3.689
336.227	-0.003	-3.690
337.227	0.000	-3.695
338.227	-0.002	-3.686
339.227	-0.000	-3.694
340.228	-0.001	-3.684
341.227	-0.002	-3.689
342.227	-0.002	-3.692
343.227	-0.003	-3.685
344.227	-0.003	-3.682
345.227	-0.002	-3.686
346.227	-0.002	-3.685
347.227	-0.003	-3.688
348.227	-0.000	-3.687
349.227	-0.001	-3.687
350.227	-0.005	-3.682
351.227	-0.000	-3.680
352.227	-0.004	-3.679
353.227	-0.001	-3.684
354.227	0.000	-3.682
355.227	-0.003	-3.683
356.227	-0.002	-3.679
357.227	-0.002	-3.683
358.227	-0.004	-3.676
359.227	-0.004	-3.677
360.227	0.000	-3.684
361.227	-0.005	-3.679
362.227	-0.006	-3.677
363.227	-0.006	-3.679
364.227	-0.002	-3.677
365.227	-0.003	-3.684
366.227	-0.002	-3.686
367.227	-0.002	-3.685
368.227	-0.004	-3.683
369.227	-0.003	-3.684
370.227	-0.004	-3.687
371.227	-0.002	-3.677
372.227	-0.002	-3.675
373.227	-0.002	-3.676
374.227	-0.001	-3.678
375.227	-0.002	-3.679
376.227	-0.003	-3.676
377.227	-0.001	-3.679
378.227	-0.002	-3.678
379.227	-0.003	-3.675
380.227	-0.003	-3.675
381.227	-0.002	-3.678
382.227	0.001	-3.676
383.227	-0.000	-3.679
384.227	-0.002	-3.678
385.227	-0.002	-3.679
386.227	-0.001	-3.676
387.227	-0.001	-3.668
388.227	-0.003	-3.677
389.227	-0.002	-3.673
390.227	-0.001	-3.675
391.227	-0.002	-3.676
392.227	0.000	-3.675
393.227	-0.002	-3.668
394.227	-0.003	-3.671
395.227	-0.002	-3.674
396.227	-0.002	-3.675
397.227	-0.003	-3.669
398.227	-0.002	-3.672
399.227	-0.002	-3.667
400.227	-0.003	-3.670
401.227	-0.003	-3.673
402.227	-0.002	-3.668
403.227	-0.003	-3.669
404.227	-0.002	-3.676
405.227	-0.004	-3.668
406.227	-0.003	-3.666
407.227	-0.002	-3.672
408.227	-0.003	-3.667
409.227	-0.003	-3.671
410.227	-0.002	-3.671
411.227	-0.002	-3.671
412.227	-0.001	-3.668
413.227	-0.002	-3.668
414.227	-0.002	-3.665
415.227	-0.002	-3.666
416.227	-0.002	-3.665
417.227	-0.003	-3.662
418.227	-0.000	-3.664
419.227	-0.004	-3.665
420.227	-0.005	-3.667
421.227	-0.003	-3.664
422.227	-0.002	-3.667
423.227	-0.001	-3.667
424.227	-0.002	-3.666
425.227	-0.001	-3.664
426.227	-0.001	-3.662
427.227	-0.002	-3.666
428.227	-0.002	-3.665
429.227	-0.002	-3.662
430.227	-0.002	-3.666
431.227	-0.002	-3.661
432.227	-0.002	-3.664
433.227	-0.001	-3.668
434.227	-0.002	-3.660
435.227	-0.002	-3.662
436.227	-0.001	-3.664
437.227	-0.001	-3.667
438.227	-0.002	-3.663
439.227	-0.003	-3.664
440.227	-0.002	-3.660
441.227	-0.001	-3.658
442.227	-0.003	-3.660
443.227	-0.004	-3.660
444.227	-0.001	-3.660
445.227	-0.003	-3.658
446.227	-0.002	-3.652
447.227	-0.002	-3.651
448.227	-0.003	-3.655
449.227	-0.002	-3.652
450.227	-0.003	-3.658
451.227	0.001	-3.658
452.227	-0.000	-3.657
453.227	-0.001	-3.654
454.227	-0.002	-3.657
455.227	0.000	-3.659
456.227	-0.002	-3.656
457.227	-0.002	-3.659
458.227	-0.003	-3.653
459.227	-0.002	-3.653
460.227	-0.002	-3.656
461.227	-0.002	-3.656
462.227	-0.002	-3.660
463.227	-0.002	-3.658
464.227	-0.004	-3.653
465.227	-0.003	-3.656
466.227	-0.003	-3.652
467.227	-0.004	-3.657
468.227	-0.002	-3.657
469.227	-0.002	-3.655
470.227	-0.002	-3.652
471.227	-0.002	-3.648
472.227	-0.002	-3.652
473.227	-0.004	-3.653
474.227	-0.003	-3.655
475.227	-0.003	-3.654
476.227	-0.002	-3.652
477.227	-0.001	-3.648
478.227	-0.003	-3.651
479.227	-0.003	-3.653
480.227	-0.000	-3.654
481.227	-0.002	-3.649
482.227	-0.001	-3.652
483.227	-0.001	-3.647
484.227	-0.003	-3.655
485.227	-0.002	-3.650
486.227	-0.001	-3.645
487.227	-0.003	-3.647
488.227	-0.002	-3.650
489.227	-0.001	-3.647
490.227	-0.002	-3.654
491.227	-0.003	-3.652
492.227	-0.001	-3.651
493.227	-0.001	-3.645
494.227	-0.003	-3.644
495.227	-0.001	-3.648
496.227	-0.003	-3.644
497.227	-0.001	-3.648
498.227	-0.001	-3.649
499.227	-0.003	-3.644
500.227	-0.004	-3.640
501.227	-0.001	-3.646
502.227	-0.001	-3.639
503.227	-0.002	-3.641
504.227	-0.003	-3.644
505.227	-0.001	-3.638
506.227	-0.003	-3.643
507.227	-0.002	-3.641
508.227	-0.003	-3.638
509.227	-0.002	-3.643
510.227	-0.002	-3.641
511.227	-0.002	-3.644
512.227	-0.003	-3.641
513.227	-0.001	-3.636
514.227	-0.004	-3.643
515.227	-0.002	-3.642
516.227	-0.002	-3.647
517.227	-0.001	-3.642
518.227	-0.003	-3.641
519.227	-0.001	-3.641
520.227	-0.003	-3.636
521.227	-0.002	-3.631
522.227	-0.002	-3.641
523.227	-0.001	-3.636
524.227	-0.004	-3.637
525.227	-0.000	-3.635
526.227	-0.002	-3.633
527.227	-0.002	-3.637
528.227	-0.001	-3.635
529.227	-0.003	-3.637
530.227	-0.000	-3.639
531.227	-0.004	-3.633
532.227	-0.001	-3.635
533.227	-0.002	-3.627
534.227	-0.002	-3.632
535.227	-0.002	-3.636
536.227	-0.001	-3.634
537.227	-0.003	-3.636
538.227	-0.003	-3.638
539.227	-0.002	-3.635
540.227	-0.001	-3.635
541.227	-0.003	-3.634
542.227	-0.002	-3.631
543.227	-0.002	-3.634
544.227	-0.003	-3.633
545.227	-0.002	-3.635
546.227	-0.003	-3.632
547.227	-0.002	-3.632
548.227	-0.002	-3.635
549.227	-0.003	-3.632
550.227	-0.002	-3.635
551.227	-0.001	-3.638
552.227	-0.002	-3.634
553.227	-0.002	-3.635
554.227	-0.002	-3.638
555.227	-0.001	-3.635
556.227	-0.001	-3.638
557.227	-0.002	-3.632
558.227	-0.003	-3.636
559.227	-0.001	-3.629
560.227	-0.001	-3.627
561.227	-0.002	-3.627
562.227	-0.001	-3.625
563.227	-0.003	-3.626
564.227	-0.003	-3.633
565.227	-0.002	-3.627
566.227	-0.002	-3.628
567.227	-0.006	-3.628
568.227	-0.000	-3.624
569.227	-0.003	-3.635
570.227	-0.004	-3.628
571.227	-0.000	-3.633
572.227	0.000	-3.628
573.227	-0.003	-3.623
574.227	0.001	-3.628
575.227	-0.002	-3.631
576.227	-0.005	-3.626
577.227	0.001	-3.627
578.227	-0.004	-3.631
579.227	-0.002	-3.627
580.227	-0.002	-3.627
581.227	-0.002	-3.620
582.227	-0.003	-3.628
583.227	-0.002	-3.633
584.227	-0.003	-3.632
585.227	-0.002	-3.630
586.227	-0.002	-3.627
587.227	-0.002	-3.632
588.227	-0.002	-3.633
589.227	-0.002	-3.626
590.227	-0.002	-3.628
591.227	-0.001	-3.618
592.227	-0.003	-3.630
593.227	-0.002	-3.623
594.227	-0.003	-3.626
595.227	-0.004	-3.628
596.227	-0.002	-3.625
597.227	-0.001	-3.626
598.227	-0.002	-3.623
599.227	-0.001	-3.624
600.227	0.001	-3.627
601.227	-0.003	-3.626
602.227	-0.005	-3.621
603.227	-0.002	-3.624
604.227	-0.003	-3.623
605.227	-0.002	-3.619
606.227	-0.002	-3.621
607.227	-0.001	-3.623
608.227	-0.003	-3.620
609.227	-0.002	-3.618
610.227	-0.003	-3.622
611.227	-0.003	-3.635
612.227	-0.002	-3.621
613.227	-0.001	-3.625
614.227	-0.002	-3.618
615.227	-0.006	-3.617
616.227	-0.003	-3.615
617.227	-0.003	-3.619
618.227	-0.004	-3.619
619.227	0.000	-3.621
620.227	-0.004	-3.621
621.227	-0.002	-3.628
622.227	-0.003	-3.612
623.227	-0.001	-3.618
624.227	-0.003	-3.630
625.227	-0.004	-3.612
626.227	-0.003	-3.617
627.227	-0.003	-3.619
628.227	-0.002	-3.611
629.227	-0.002	-3.616
630.227	-0.004	-3.610
631.227	-0.003	-3.627
632.227	-0.002	-3.613
633.227	-0.000	-3.619
634.227	-0.002	-3.616
635.227	-0.001	-3.604
636.227	-0.001	-3.614
637.227	-0.000	-3.618
638.227	-0.002	-3.615
639.227	-0.002	-3.619
640.227	-0.002	-3.604
641.227	-0.001	-3.618
642.227	-0.002	-3.614
643.227	-0.002	-3.615
644.227	-0.001	-3.615
645.227	-0.003	-3.618
646.227	-0.002	-3.612
647.227	-0.004	-3.612
648.227	-0.003	-3.614
649.227	-0.003	-3.613
650.227	-0.002	-3.611
651.227	-0.003	-3.607
652.227	-0.003	-3.614
653.227	-0.003	-3.611
654.227	-0.005	-3.611
655.227	-0.001	-3.605
656.227	-0.004	-3.615
657.227	-0.005	-3.610
658.227	-0.003	-3.606
659.227	-0.001	-3.608
660.227	-0.002	-3.606
661.227	-0.001	-3.608
662.227	-0.005	-3.610
663.227	-0.002	-3.609
664.227	-0.002	-3.608
665.227	-0.002	-3.608
666.227	-0.002	-3.607
667.227	-0.002	-3.607
668.227	-0.003	-3.608
669.227	-0.002	-3.605
670.227	-0.003	-3.609
671.227	-0.002	-3.609
672.227	-0.002	-3.604
673.227	-0.001	-3.605
674.227	-0.001	-3.605
675.227	-0.001	-3.605
676.227	-0.005	-3.606
677.227	-0.000	-3.602
678.227	-0.004	-3.601
679.227	0.000	-3.603
680.227	-0.002	-3.610
681.227	-0.002	-3.611
682.227	-0.003	-3.608
683.227	-0.001	-3.600
684.227	-0.002	-3.602
685.227	-0.002	-3.608
686.227	-0.002	-3.603
687.227	-0.001	-3.604
688.227	-0.002	-3.607
689.227	-0.001	-3.607
690.227	-0.001	-3.603
691.227	-0.004	-3.600
692.227	-0.001	-3.605
693.227	-0.003	-3.603
694.227	-0.000	-3.604
695.227	-0.001	-3.604
696.227	-0.001	-3.601
697.227	-0.001	-3.608
698.227	-0.002	-3.601
699.227	-0.002	-3.603
700.227	-0.000	-3.602
701.227	-0.000	-3.608
702.227	-0.002	-3.606
703.227	-0.002	-3.601
704.227	-0.002	-3.599
705.227	-0.002	-3.608
706.227	-0.003	-3.601
707.227	-0.004	-3.604
708.227	-0.003	-3.610
709.227	-0.001	-3.600
710.227	-0.003	-3.602
711.227	0.002	-3.599
712.227	-0.006	-3.589
713.227	0.000	-3.597
714.227	-0.000	-3.599
715.227	-0.001	-3.601
716.227	0.001	-3.595
717.227	-0.001	-3.603
718.227	-0.002	-3.602
719.227	-0.003	-3.596
720.227	-0.001	-3.594
721.227	-0.002	-3.598
722.227	-0.000	-3.597
723.227	-0.001	-3.599
724.227	-0.001	-3.591
725.227	0.001	-3.591
726.227	0.000	-3.588
727.227	-0.000	-3.597
728.227	-0.003	-3.604
729.227	-0.002	-3.601
730.227	-0.001	-3.607
731.227	0.000	-3.601
732.227	-0.001	-3.599
733.227	-0.001	-3.594
734.227	-0.003	-3.596
735.227	-0.003	-3.596
736.227	-0.003	-3.594
737.227	0.001	-3.595
738.227	-0.002	-3.591
739.227	-0.003	-3.593
740.227	-0.001	-3.595
741.227	-0.001	-3.592
742.227	-0.002	-3.599
743.227	-0.004	-3.594
744.227	-0.001	-3.594
745.227	-0.001	-3.593
746.227	-0.001	-3.594
747.227	-0.001	-3.598
748.227	-0.001	-3.599
749.227	-0.001	-3.599
750.227	-0.001	-3.597
751.227	-0.002	-3.586
752.227	-0.001	-3.600
753.227	-0.002	-3.598
754.227	-0.003	-3.595
755.227	-0.001	-3.591
756.227	-0.001	-3.588
757.227	-0.002	-3.578
758.227	-0.002	-3.599
759.227	-0.002	-3.598
760.227	-0.003	-3.596
761.227	-0.005	-3.594
762.227	-0.002	-3.595
763.227	0.001	-3.598
764.227	-0.001	-3.605
765.227	-0.001	-3.587
766.227	-0.002	-3.588
767.227	-0.001	-3.596
768.227	-0.001	-3.596
769.227	0.001	-3.596
770.227	-0.001	-3.590
771.227	0.000	-3.592
772.227	-0.000	-3.589
773.227	-0.002	-3.604
774.227	-0.003	-3.598
775.227	-0.001	-3.597
776.227	-0.002	-3.587
777.227	-0.001	-3.592
778.227	-0.000	-3.591
779.227	-0.001	-3.597
780.227	-0.001	-3.595
781.227	-0.001	-3.594
782.227	-0.002	-3.595
783.227	-0.001	-3.595
784.227	-0.001	-3.590
785.227	-0.000	-3.592
786.227	-0.002	-3.598
787.227	-0.001	-3.591
788.227	-0.001	-3.598
789.227	-0.001	-3.592
790.227	-0.001	-3.586
791.227	-0.001	-3.597
792.227	-0.000	-3.594
793.227	-0.000	-3.591
794.227	-0.000	-3.595
795.227	-0.002	-3.597
796.227	-0.002	-3.595
797.227	-0.002	-3.594
798.227	-0.003	-3.591
799.227	-0.001	-3.589
800.227	-0.001	-3.592
801.227	0.001	-3.585
802.227	-0.004	-3.600
803.227	-0.002	-3.592
804.227	0.002	-3.603
805.227	-0.000	-3.587
806.227	-0.002	-3.595
807.227	-0.001	-3.590
808.227	-0.003	-3.597
809.227	-0.002	-3.590
810.227	-0.004	-3.595
811.227	-0.002	-3.592
812.227	-0.002	-3.593
813.227	-0.001	-3.578
814.227	-0.002	-3.591
815.227	-0.002	-3.590
816.227	-0.001	-3.589
817.227	-0.003	-3.588
818.227	-0.003	-3.591
819.227	-0.000	-3.584
820.227	0.000	-3.592
821.227	-0.002	-3.593
822.227	-0.001	-3.589
823.227	-0.002	-3.587
824.227	-0.002	-3.590
825.227	-0.002	-3.591
826.227	-0.002	-3.583
827.227	-0.002	-3.592
828.227	-0.004	-3.594
829.227	-0.004	-3.593
830.227	-0.003	-3.595
831.227	-0.002	-3.590
832.227	-0.003	-3.589
833.227	-0.001	-3.591
834.227	-0.002	-3.594
835.227	-0.002	-3.587
836.227	-0.005	-3.588
837.227	-0.007	-3.586
838.227	-0.005	-3.591
839.227	-0.002	-3.589
840.227	-0.002	-3.592
841.227	-0.001	-3.588
842.227	-0.003	-3.584
843.227	0.005	-3.590
844.227	0.002	-3.592
845.227	0.001	-3.588
846.227	-0.002	-3.589
847.227	-0.001	-3.582
848.227	-0.002	-3.583
849.227	-0.002	-3.593
850.227	0.000	-3.582
851.227	-0.002	-3.580
852.227	0.001	-3.587
853.227	-0.002	-3.587
854.227	-0.002	-3.578
855.227	-0.003	-3.582
856.227	-0.002	-3.585
857.227	-0.005	-3.588
858.227	-0.002	-3.587
859.227	-0.002	-3.583
860.227	-0.003	-3.591
861.227	-0.004	-3.585
862.227	-0.002	-3.581
863.227	-0.003	-3.590
864.227	-0.002	-3.585
865.227	-0.003	-3.592
866.227	-0.001	-3.587
867.227	-0.003	-3.580
868.227	-0.002	-3.585
869.227	-0.002	-3.587
870.227	-0.002	-3.597
871.227	-0.003	-3.592
872.227	-0.002	-3.584
873.227	-0.002	-3.588
874.227	-0.001	-3.584
875.227	-0.003	-3.584
876.227	-0.003	-3.585
877.227	-0.001	-3.585
878.227	-0.001	-3.589
879.227	-0.000	-3.589
880.227	-0.002	-3.586
881.227	-0.003	-3.578
882.227	-0.002	-3.580
883.227	-0.001	-3.586
884.227	-0.001	-3.581
885.227	-0.003	-3.578
886.227	-0.002	-3.583
887.227	-0.002	-3.581
888.227	-0.002	-3.580
889.227	-0.002	-3.580
890.227	-0.002	-3.582
891.227	-0.000	-3.584
892.227	-0.004	-3.580
893.227	-0.004	-3.581
894.227	-0.003	-3.581
895.227	-0.006	-3.581
896.227	-0.002	-3.583
897.227	-0.000	-3.580
898.227	-0.000	-3.581
899.227	-0.001	-3.582
900.227	-0.000	-3.580
901.227	0.000	-3.581
902.227	-0.002	-3.579
903.227	-0.002	-3.578
904.227	-0.004	-3.575
905.227	-0.004	-3.582
906.227	-0.003	-3.583
907.227	-0.003	-3.581
908.227	-0.004	-3.579
909.227	0.001	-3.575
910.227	-0.003	-3.579
911.227	-0.002	-3.582
912.227	-0.002	-3.573
913.227	-0.001	-3.577
914.227	-0.002	-3.585
915.227	-0.002	-3.574
916.227	0.000	-3.575
917.227	-0.003	-3.577
918.227	0.002	-3.574
919.227	-0.002	-3.581
920.227	-0.002	-3.581
921.227	-0.002	-3.576
922.227	-0.001	-3.581
923.227	-0.003	-3.579
924.227	-0.001	-3.577
925.227	-0.001	-3.574
926.227	-0.002	-3.579
927.227	-0.003	-3.580
928.227	-0.002	-3.581
929.227	-0.001	-3.572
930.227	-0.001	-3.577
931.227	-0.005	-3.576
932.227	-0.000	-3.579
933.227	0.001	-3.581
934.227	-0.004	-3.576
935.227	-0.002	-3.574
936.227	0.001	-3.573
937.227	-0.001	-3.576
938.227	-0.003	-3.577
939.227	-0.003	-3.576
940.227	-0.002	-3.575
941.227	-0.002	-3.576
942.227	-0.001	-3.574
943.227	-0.002	-3.576
944.227	-0.004	-3.571
945.227	-0.001	-3.577
946.227	-0.002	-3.576
947.227	-0.002	-3.568
948.227	-0.002	-3.570
949.227	-0.003	-3.570
950.227	-0.002	-3.571
951.227	-0.003	-3.566
952.227	-0.002	-3.573
953.227	-0.003	-3.572
954.227	-0.002	-3.574
955.227	-0.003	-3.576
956.227	-0.002	-3.573
957.227	-0.003	-3.572
958.227	-0.001	-3.577
959.227	-0.002	-3.573
960.227	-0.002	-3.576
961.227	-0.003	-3.571
962.227	-0.002	-3.575
963.227	-0.000	-3.574
964.227	-0.003	-3.573
965.227	-0.001	-3.573
966.227	-0.002	-3.573
967.227	-0.001	-3.575
968.227	-0.002	-3.568
969.227	-0.003	-3.574
970.227	-0.004	-3.570
971.227	-0.003	-3.564
972.227	-0.001	-3.576
973.227	-0.001	-3.573
974.227	-0.000	-3.573
975.227	-0.001	-3.573
976.227	-0.001	-3.570
977.227	-0.001	-3.575
978.227	-0.000	-3.570
979.227	0.000	-3.572
980.227	-0.001	-3.570
981.227	-0.001	-3.576
982.227	-0.002	-3.571
983.227	-0.004	-3.573
984.227	-0.001	-3.563
985.227	-0.001	-3.565
986.227	-0.001	-3.565
987.227	-0.002	-3.574
988.227	-0.002	-3.572
989.227	-0.002	-3.567
990.227	-0.003	-3.566
991.227	-0.000	-3.567
992.227	-0.001	-3.566
993.227	-0.002	-3.570
994.227	-0.003	-3.565
995.227	-0.003	-3.571
996.227	-0.002	-3.572
997.227	-0.002	-3.575
998.227	-0.000	-3.571
999.227	0.000	-3.567
1000.227	-0.001	-3.572
1001.227	-0.002	-3.570
1002.227	0.001	-3.569
1003.227	-0.002	-3.569
1004.227	0.000	-3.570
1005.227	-0.001	-3.576
1006.227	-0.001	-3.573
1007.227	0.001	-3.567
1008.227	-0.002	-3.564
1009.227	-0.001	-3.567
1010.227	-0.001	-3.570
1011.227	-0.000	-3.571
1012.227	-0.001	-3.564
1013.227	-0.001	-3.563
1014.227	-0.001	-3.564
1015.227	-0.001	-3.565
1016.227	-0.001	-3.571
1017.227	-0.002	-3.568
1018.227	-0.002	-3.565
1019.227	-0.001	-3.569
1020.227	-0.002	-3.570
1021.227	-0.002	-3.564
1022.227	0.002	-3.566
1023.227	-0.002	-3.569
1024.227	-0.004	-3.574
1025.227	-0.003	-3.564
1026.227	-0.002	-3.563
1027.227	-0.003	-3.564
1028.227	-0.000	-3.564
1029.227	-0.003	-3.567
1030.227	-0.003	-3.564
1031.227	-0.002	-3.562
1032.227	-0.002	-3.566
1033.227	-0.003	-3.562
1034.227	-0.003	-3.562
1035.227	-0.002	-3.563
1036.227	-0.003	-3.562
1037.227	-0.002	-3.560
1038.227	-0.002	-3.561
1039.227	-0.002	-3.566
1040.227	-0.002	-3.562
1041.227	-0.002	-3.564
1042.227	-0.001	-3.556
1043.227	0.004	-3.569
1044.227	-0.004	-3.561
1045.227	-0.002	-3.565
1046.227	-0.000	-3.560
1047.227	-0.003	-3.563
1048.227	0.001	-3.565
1049.227	-0.005	-3.563
1050.227	-0.001	-3.558
1051.227	-0.001	-3.568
1052.227	-0.000	-3.560
1053.227	-0.002	-3.563
1054.227	-0.002	-3.564
1055.227	0.001	-3.563
1056.227	-0.003	-3.559
1057.227	-0.002	-3.557
1058.227	-0.004	-3.566
1059.227	-0.002	-3.566
1060.227	-0.002	-3.564
1061.227	-0.003	-3.562
1062.227	-0.002	-3.562
1063.227	0.000	-3.558
1064.227	-0.001	-3.562
1065.227	-0.001	-3.565
1066.227	-0.001	-3.561
1067.227	-0.002	-3.563
1068.227	-0.002	-3.558
1069.227	-0.003	-3.560
1070.227	-0.001	-3.556
1071.227	-0.001	-3.558
1072.227	0.000	-3.561
1073.227	-0.001	-3.565
1074.227	-0.002	-3.563
1075.227	-0.002	-3.561
1076.227	-0.001	-3.560
1077.227	-0.002	-3.558
1078.227	-0.002	-3.560
1079.227	0.001	-3.560
1080.227	-0.002	-3.561
1081.227	-0.002	-3.554
1082.227	-0.004	-3.559
1083.227	-0.003	-3.562
1084.227	-0.002	-3.558
1085.227	-0.002	-3.559
1086.227	-0.001	-3.555
1087.227	-0.002	-3.558
1088.227	-0.002	-3.560
1089.227	-0.001	-3.557
1090.227	0.000	-3.553
1091.227	-0.002	-3.554
1092.227	-0.002	-3.558
1093.227	-0.001	-3.557
1094.227	-0.001	-3.559
1095.227	-0.002	-3.560
1096.227	-0.000	-3.560
1097.227	-0.001	-3.551
1098.227	-0.002	-3.554
1099.227	-0.000	-3.555
1100.227	-0.001	-3.559
1101.227	-0.002	-3.563
1102.227	-0.002	-3.554
1103.227	-0.001	-3.557
1104.227	-0.001	-3.555
1105.227	-0.001	-3.555
1106.227	-0.002	-3.560
1107.227	-0.002	-3.551
1108.227	-0.000	-3.556
1109.227	-0.001	-3.558
1110.227	-0.002	-3.556
1111.227	-0.001	-3.552
1112.227	-0.002	-3.550
1113.227	-0.003	-3.550
1114.227	-0.002	-3.553
1115.227	-0.002	-3.552
1116.227	-0.002	-3.555
1117.227	-0.001	-3.553
1118.227	0.001	-3.551
1119.227	-0.001	-3.558
1120.227	-0.003	-3.560
1121.227	0.001	-3.556
1122.227	-0.004	-3.552
1123.227	-0.003	-3.555
1124.227	-0.001	-3.552
1125.227	-0.003	-3.557
1126.227	-0.003	-3.555
1127.227	-0.002	-3.557
1128.227	-0.003	-3.553
1129.227	-0.001	-3.553
1130.227	-0.003	-3.554
1131.227	-0.001	-3.566
1132.227	-0.001	-3.559
1133.227	-0.001	-3.556
1134.227	-0.001	-3.556
1135.227	-0.000	-3.563
1136.227	-0.003	-3.554
1137.227	-0.001	-3.560
1138.227	0.000	-3.555
1139.227	-0.002	-3.551
1140.227	-0.002	-3.553
1141.227	-0.001	-3.544
1142.227	-0.001	-3.557
1143.227	-0.002	-3.552
1144.227	-0.001	-3.548
1145.227	-0.002	-3.543
1146.227	-0.001	-3.547
1147.227	-0.002	-3.553
1148.227	-0.002	-3.554
1149.227	-0.001	-3.554
1150.227	-0.002	-3.548
1151.227	-0.003	-3.550
1152.227	-0.001	-3.545
1153.227	-0.001	-3.544
1154.227	-0.001	-3.546
1155.227	0.000	-3.552
1156.227	-0.001	-3.555
1157.227	-0.005	-3.553
1158.227	-0.003	-3.548
1159.227	-0.001	-3.547
1160.227	-0.002	-3.543
1161.227	-0.002	-3.554
1162.227	-0.001	-3.553
1163.227	0.000	-3.553
1164.227	-0.002	-3.547
1165.227	0.002	-3.545
1166.227	-0.005	-3.553
1167.227	-0.001	-3.548
1168.227	0.000	-3.551
1169.227	-0.001	-3.550
1170.227	-0.001	-3.549
1171.227	-0.002	-3.547
1172.227	-0.002	-3.555
1173.227	-0.002	-3.545
1174.227	0.000	-3.542
1175.227	-0.005	-3.549
1176.227	-0.004	-3.535
1177.227	-0.002	-3.541
1178.227	0.001	-3.545
1179.227	-0.005	-3.556
1180.227	-0.002	-3.548
1181.227	-0.002	-3.540
1182.227	-0.001	-3.548
1183.227	-0.003	-3.547
1184.227	0.001	-3.545
1185.227	0.001	-3.544
1186.227	-0.004	-3.544
1187.227	0.000	-3.542
1188.227	0.000	-3.537
1189.227	-0.006	-3.544
1190.227	-0.001	-3.549
1191.227	0.002	-3.540
1192.227	-0.003	-3.541
1193.227	-0.005	-3.541
1194.227	0.000	-3.541
1195.227	-0.004	-3.539
1196.227	-0.001	-3.537
1197.227	-0.002	-3.548
1198.227	-0.003	-3.548
1199.227	-0.001	-3.541
1200.227	-0.001	-3.542
1201.227	-0.002	-3.548
1202.227	-0.002	-3.546
1203.227	-0.000	-3.547
1204.227	-0.001	-3.547
1205.227	-0.002	-3.538
1206.227	-0.005	-3.539
1207.227	-0.003	-3.538
1208.227	-0.002	-3.549
1209.227	0.000	-3.544
1210.227	-0.001	-3.542
1211.227	-0.003	-3.546
1212.227	-0.006	-3.546
1213.227	-0.005	-3.542
1214.227	-0.001	-3.547
1215.227	-0.002	-3.534
1216.227	-0.003	-3.558
1217.227	-0.001	-3.547
1218.227	0.003	-3.549
1219.227	-0.003	-3.543
1220.227	-0.001	-3.547
1221.227	-0.001	-3.542
1222.227	-0.001	-3.546
1223.227	-0.002	-3.547
1224.227	0.000	-3.544
1225.227	-0.002	-3.544
1226.227	-0.001	-3.541
1227.227	-0.003	-3.537
1228.227	-0.003	-3.541
1229.227	-0.002	-3.542
1230.227	-0.002	-3.539
1231.227	-0.001	-3.533
1232.227	-0.000	-3.537
1233.227	0.000	-3.540
1234.227	-0.001	-3.544
1235.227	-0.002	-3.540
1236.227	-0.001	-3.534
1237.227	0.002	-3.533
1238.227	-0.005	-3.532
1239.227	-0.004	-3.534
1240.227	-0.003	-3.541
1241.227	-0.001	-3.541
1242.227	-0.004	-3.539
1243.227	0.001	-3.532
1244.227	-0.002	-3.535
1245.227	-0.000	-3.537
1246.227	-0.002	-3.542
1247.227	-0.002	-3.531
1248.227	-0.002	-3.541
1249.227	-0.001	-3.524
1250.227	0.005	-3.536
1251.227	0.001	-3.541
1252.227	-0.002	-3.539
1253.227	-0.001	-3.544
1254.227	-0.001	-3.532
1255.227	-0.003	-3.527
1256.227	0.002	-3.530
1257.227	-0.004	-3.529
1258.227	-0.002	-3.536
1259.227	-0.002	-3.532
1260.227	-0.003	-3.538
1261.227	-0.002	-3.532
1262.227	0.003	-3.533
1263.227	-0.005	-3.536
1264.227	-0.002	-3.536
1265.227	-0.002	-3.534
1266.227	-0.003	-3.521
1267.227	0.001	-3.532
1268.227	-0.005	-3.540
1269.227	-0.001	-3.536
1270.227	-0.002	-3.525
1271.227	0.000	-3.532
1272.227	-0.004	-3.533
1273.227	-0.002	-3.534
1274.227	0.001	-3.526
1275.227	-0.001	-3.531
1276.227	-0.002	-3.534
1277.227	-0.003	-3.529
1278.227	-0.001	-3.543
1279.227	-0.002	-3.531
1280.227	-0.000	-3.530
1281.227	-0.002	-3.534
1282.227	0.003	-3.529
1283.227	0.002	-3.530
1284.227	0.002	-3.531
1285.227	-0.002	-3.533
1286.227	-0.002	-3.532
1287.227	-0.003	-3.530
1288.227	-0.001	-3.534
1289.227	-0.002	-3.529
1290.227	-0.000	-3.531
1291.227	-0.001	-3.530
1292.227	-0.002	-3.526
1293.227	-0.004	-3.529
1294.227	-0.002	-3.527
1295.227	-0.002	-3.528
1296.227	-0.000	-3.538
1297.227	-0.002	-3.566
1298.227	0.000	0.483
1299.227	-0.003	0.467
1300.227	-0.002	0.460
1301.227	-0.002	0.423
1302.227	-0.002	0.424
1303.227	-0.004	0.421
1304.227	-0.001	0.427
1305.227	-0.002	0.421
1306.227	0.000	0.426
1307.227	-0.002	0.418
1308.227	-0.002	0.423
1309.227	-0.002	0.423
1310.227	-0.004	0.421
1311.227	-0.000	0.424
1312.227	0.000	0.428
1313.227	-0.003	0.424
1314.227	-0.003	0.417
1315.227	-0.003	0.419
1316.227	-0.003	0.421
1317.227	-0.002	0.423
1318.227	-0.003	0.425
1319.227	-0.001	0.421
1320.227	-0.001	0.422
1321.227	0.001	0.417
1322.227	-0.001	0.417
1323.227	-0.001	0.419
1324.227	-0.002	0.422
1325.227	-0.001	0.426
1326.227	-0.002	0.421
1327.227	-0.001	0.411
1328.227	-0.002	0.419
1329.227	-0.002	0.420
1330.227	-0.003	0.420
1331.227	-0.002	0.418
1332.227	-0.004	0.419
1333.227	-0.004	0.419
1334.227	-0.002	0.418
1335.227	-0.001	0.418
1336.227	-0.001	0.416
1337.227	-0.002	0.411
1338.227	-0.004	0.420
1339.227	-0.002	0.413
1340.227	-0.002	0.419
1341.227	-0.002	0.423
1342.227	-0.001	0.423
1343.227	-0.001	0.415
1344.227	-0.001	0.416
1345.227	-0.004	0.419
1346.227	-0.001	0.419
1347.227	-0.002	0.418
1348.227	-0.001	0.425
1349.227	-0.001	0.415
1350.227	-0.002	0.413
1351.227	-0.003	0.415
1352.227	-0.001	0.423
1353.227	-0.002	0.420
1354.227	-0.002	0.426
1355.227	-0.002	0.415
1356.227	-0.003	0.415
1357.227	-0.002	0.410
1358.227	-0.001	0.400
1359.227	-0.000	0.408
1360.227	-0.000	0.410
1361.227	-0.000	0.409
1362.227	-0.001	0.407
1363.227	-0.001	0.414
1364.227	-0.002	0.411
1365.227	-0.001	0.418
1366.227	-0.002	0.416
1367.227	-0.001	0.419
1368.227	-0.002	0.416
1369.227	-0.003	0.417
1370.227	-0.006	0.413
1371.227	0.000	0.413
1372.227	-0.002	0.422
1373.227	0.000	0.414
1374.227	-0.003	0.416
1375.227	-0.001	0.414
1376.227	-0.001	0.414
1377.227	-0.003	0.414
1378.227	0.002	0.418
1379.227	-0.001	0.412
1380.227	-0.001	0.414
1381.227	-0.002	0.418
1382.227	0.001	0.420
1383.227	-0.002	0.418
1384.227	-0.003	0.414
1385.227	-0.001	0.413
1386.227	-0.004	0.411
1387.227	0.001	0.418
1388.227	-0.001	0.420
1389.227	-0.002	0.415
1390.227	-0.002	0.417
1391.227	0.000	0.411
1392.227	-0.002	0.417
1393.227	-0.001	0.417
1394.227	-0.000	0.420
1395.227	-0.001	0.423
1396.227	-0.000	0.422
1397.227	-0.001	0.417
1398.227	-0.002	0.419
1399.227	-0.003	0.414
1400.227	-0.000	0.420
1401.227	-0.002	0.421
1402.227	-0.000	0.419
1403.227	-0.001	0.412
1404.227	-0.002	0.409
1405.227	0.000	0.410
1406.227	-0.003	0.413
1407.227	-0.001	0.409
1408.227	0.001	0.409
1409.227	-0.001	0.411
1410.227	-0.001	0.418
1411.227	-0.000	0.417
1412.227	-0.002	0.419
1413.227	-0.002	0.417
1414.227	-0.003	0.419
1415.227	-0.002	0.416
1416.227	-0.001	0.416
1417.227	0.001	0.420
1418.227	-0.004	0.418
1419.227	-0.003	0.415
1420.227	0.000	0.418
1421.227	-0.000	0.420
1422.227	-0.002	0.422
1423.227	-0.001	0.418
1424.227	-0.003	0.420
1425.227	-0.001	0.418
1426.227	-0.002	0.415
1427.227	-0.002	0.415
1428.227	-0.003	0.412
1429.227	-0.002	0.417
1430.227	-0.002	0.414
1431.227	0.001	0.414
1432.227	-0.003	0.415
1433.227	-0.001	0.406
1434.227	-0.003	0.418
1435.227	0.000	0.417
1436.227	-0.001	0.417
1437.227	-0.001	0.416
1438.227	-0.002	0.417
1439.227	-0.003	0.415
1440.227	-0.001	0.414
1441.227	-0.003	0.416
1442.227	0.000	0.414
1443.227	-0.002	0.416
1444.227	-0.001	0.414
1445.227	-0.002	0.413
1446.227	0.000	0.416
1447.227	-0.003	0.414
1448.227	-0.003	0.415
1449.227	-0.001	0.414
1450.227	-0.001	0.417
1451.227	-0.002	0.419
1452.227	-0.001	0.415
1453.227	-0.002	0.417
1454.227	0.000	0.416
1455.227	-0.004	0.410
1456.227	-0.003	0.415
1457.227	-0.001	0.411
1458.227	-0.001	0.411
1459.227	0.001	0.408
1460.227	-0.002	0.411
1461.227	-0.001	0.409
1462.227	0.001	0.412
1463.227	-0.001	0.406
1464.227	-0.002	0.408
1465.227	-0.004	0.411
1466.227	-0.003	0.404
1467.227	-0.001	0.406
1468.227	-0.001	0.405
1469.227	-0.000	0.406
1470.227	-0.002	0.415
1471.227	-0.001	0.413
1472.227	-0.000	0.403
1473.227	-0.003	0.402
1474.227	-0.001	0.401
1475.227	-0.001	0.406
1476.227	-0.002	0.404
1477.227	-0.001	0.408
1478.227	-0.001	0.410
1479.227	0.000	0.411
1480.227	-0.004	0.407
1481.227	-0.002	0.403
1482.227	-0.001	0.412
1483.227	-0.001	0.408
1484.227	0.000	0.408
1485.227	-0.000	0.416
1486.227	-0.002	0.410
1487.227	-0.001	0.411
1488.227	-0.001	0.410
1489.227	-0.001	0.415
1490.227	-0.000	0.414
1491.227	-0.002	0.413
1492.227	-0.003	0.419
1493.227	-0.006	0.416
1494.227	-0.002	0.411
1495.227	-0.002	0.420
1496.227	-0.002	0.419
1497.227	-0.001	0.421
1498.227	-0.002	0.414
1499.227	-0.002	0.421
1500.227	-0.002	0.415
1501.227	-0.002	0.415
1502.227	-0.002	0.411
1503.227	-0.002	0.417
1504.227	-0.002	0.414
1505.227	-0.003	0.407
1506.227	-0.004	0.412
1507.227	-0.004	0.414
1508.227	-0.002	0.420
1509.227	-0.004	0.413
1510.227	-0.002	0.413
1511.227	-0.004	0.410
1512.227	-0.003	0.408
1513.227	-0.003	0.420
1514.227	-0.002	0.419
1515.227	-0.002	0.412
1516.227	-0.003	0.412
1517.227	-0.003	0.404
1518.227	-0.001	0.411
1519.227	-0.004	0.413
1520.227	-0.000	0.417
1521.227	-0.004	0.417
1522.227	0.001	0.418
1523.227	-0.001	0.412
1524.227	-0.002	0.414
1525.227	-0.002	0.411
1526.227	-0.002	0.420
1527.227	-0.002	0.417
1528.227	-0.001	0.414
1529.227	-0.001	0.412
1530.227	-0.000	0.409
1531.227	-0.002	0.412
1532.227	-0.000	0.412
1533.227	-0.003	0.407
1534.227	-0.004	0.413
1535.227	-0.002	0.410
1536.227	-0.002	0.408
1537.227	-0.000	0.411
1538.227	-0.001	0.408
1539.227	-0.003	0.411
1540.227	-0.001	0.412
1541.227	-0.003	0.408
1542.227	-0.001	0.413
1543.227	-0.001	0.408
1544.227	-0.002	0.409
1545.227	-0.002	0.406
1546.227	-0.002	0.410
1547.227	-0.000	0.407
1548.227	-0.000	0.403
1549.227	-0.002	0.406
1550.227	-0.002	0.402
1551.227	-0.003	0.402
1552.227	0.000	0.407
1553.227	0.000	0.403
1554.227	-0.005	0.408
1555.227	0.001	0.413
1556.227	0.001	0.409
1557.227	0.000	0.415
1558.227	-0.001	0.409
1559.227	-0.001	0.411
1560.227	-0.003	0.405
1561.227	-0.002	0.411
1562.227	-0.002	0.417
1563.227	-0.003	0.408
1564.227	-0.003	0.409
1565.227	-0.002	0.414
1566.227	-0.002	0.415
1567.227	-0.002	0.413
1568.227	-0.001	0.408
1569.227	-0.002	0.410
1570.227	-0.005	0.411
1571.227	-0.001	0.410
1572.227	-0.003	0.410
1573.227	-0.002	0.411
1574.227	-0.004	0.408
1575.227	-0.003	0.408
1576.227	-0.002	0.410
1577.227	-0.001	0.407
1578.227	-0.001	0.413
1579.227	-0.002	0.413
1580.227	-0.002	0.409
1581.227	-0.003	0.408
1582.227	-0.002	0.415
1583.227	-0.000	0.411
1584.227	-0.000	0.412
1585.227	-0.001	0.414
1586.227	0.000	0.410
1587.227	-0.001	0.417
1588.227	-0.003	0.409
1589.227	-0.001	0.410
1590.227	-0.002	0.422
1591.227	-0.002	0.416
1592.227	-0.002	0.410
1593.227	-0.002	0.407
1594.227	-0.004	0.412
1595.227	-0.001	0.412
1596.227	-0.000	0.414
1597.227	-0.000	0.408
1598.227	-0.001	0.411
1599.227	-0.001	0.414
1600.227	-0.001	0.415
1601.227	-0.001	0.410
1602.227	-0.001	0.416
1603.227	-0.004	0.412
1604.227	-0.001	0.417
1605.227	-0.001	0.414
1606.227	0.001	0.413
1607.227	-0.002	0.411
1608.227	-0.005	0.413
1609.227	-0.004	0.408
1610.227	-0.003	0.405
1611.227	-0.001	0.410
1612.227	-0.003	0.409
1613.227	-0.001	0.416
1614.227	-0.002	0.406
1615.227	-0.002	0.419
1616.227	-0.002	0.418
1617.227	-0.001	0.413
1618.227	-0.002	0.420
1619.227	-0.003	0.418
1620.227	-0.003	0.409
1621.227	-0.001	0.416
1622.227	-0.001	0.412
1623.227	-0.002	0.417
1624.227	-0.001	0.412
1625.227	-0.003	0.415
1626.227	-0.003	0.415
1627.227	-0.000	0.413
1628.227	-0.002	0.416
1629.227	-0.003	0.414
1630.227	-0.003	0.412
1631.227	-0.002	0.411
1632.227	-0.000	0.413
1633.227	-0.001	0.416
1634.227	-0.002	0.416
1635.227	-0.003	0.417
1636.227	-0.004	0.411
1637.227	-0.002	0.419
1638.227	-0.002	0.409
1639.227	-0.001	0.425
1640.227	0.002	0.421
1641.227	-0.001	0.420
1642.227	-0.001	0.423
1643.227	-0.003	0.412
1644.227	-0.002	0.412
1645.227	-0.001	0.426
1646.227	-0.002	0.421
1647.227	-0.003	0.429
1648.227	-0.001	0.423
1649.227	-0.000	0.418
1650.227	-0.000	0.420
1651.227	-0.004	0.416
1652.227	-0.003	0.413
1653.227	-0.003	0.411
1654.227	-0.001	0.417
1655.227	-0.002	0.404
1656.227	-0.001	0.418
1657.227	-0.000	0.417
1658.227	0.000	0.416
1659.227	0.000	0.414
1660.227	-0.002	0.413
1661.227	-0.002	0.412
1662.227	-0.000	0.421
1663.227	-0.005	0.422
1664.227	-0.003	0.421
1665.227	0.000	0.424
1666.227	-0.001	0.423
1667.227	0.002	0.417
1668.227	-0.002	0.417
1669.227	-0.002	0.428
1670.227	0.001	0.415
1671.227	-0.002	0.414
1672.227	-0.002	0.421
1673.227	-0.001	0.421
1674.227	-0.001	0.425
1675.227	-0.002	0.422
1676.227	0.001	0.414
1677.227	-0.001	0.414
1678.227	0.002	0.415
1679.227	-0.001	0.417
1680.227	0.000	0.420
1681.227	0.000	0.421
1682.227	-0.001	0.424
1683.227	-0.000	0.417
1684.227	-0.000	0.419
1685.227	0.002	0.416
1686.227	0.001	0.424
1687.227	0.000	0.422
1688.227	0.001	0.421
1689.227	-0.001	0.418
1690.227	0.001	0.421
1691.227	-0.000	0.415
1692.227	-0.001	0.415
1693.227	-0.001	0.420
1694.227	-0.002	0.418
1695.227	-0.001	0.427
1696.227	-0.002	0.414
1697.227	-0.001	0.418
1698.227	-0.002	0.417
1699.227	-0.002	0.417
1700.227	-0.002	0.425
1701.227	-0.002	0.420
1702.227	-0.002	0.416
1703.227	0.000	0.417
1704.227	-0.001	0.424
1705.227	-0.002	0.422
1706.227	-0.002	0.421
1707.227	-0.003	0.424
1708.227	-0.002	0.420
1709.227	0.001	0.420
1710.227	-0.005	0.421
1711.227	-0.001	0.417
1712.227	-0.001	0.417
1713.227	-0.000	0.419
1714.227	-0.002	0.421
1715.227	-0.002	0.415
1716.227	-0.000	0.425
1717.227	-0.001	0.424
1718.227	-0.001	0.418
1719.227	-0.002	0.420
1720.227	-0.002	0.422
1721.227	-0.004	0.416
1722.227	-0.003	0.416
1723.227	-0.001	0.421
1724.227	-0.002	0.418
1725.227	0.000	0.422
1726.227	-0.001	0.424
1727.227	0.001	0.421
1728.227	-0.001	0.421
1729.227	-0.001	0.416
1730.227	-0.002	0.419
1731.227	-0.003	0.419
1732.227	-0.002	0.418
1733.227	-0.002	0.419
1734.227	-0.003	0.417
1735.227	-0.000	0.425
1736.227	-0.001	0.417
1737.227	-0.003	0.418
1738.227	-0.000	0.421
1739.227	-0.002	0.430
1740.227	0.000	0.424
1741.227	-0.001	0.418
1742.227	-0.003	0.422
1743.227	-0.001	0.417
1744.227	-0.002	0.415
1745.227	-0.001	0.419
1746.227	-0.000	0.414
1747.227	-0.002	0.421
1748.227	-0.001	0.420
1749.227	0.001	0.423
1750.227	-0.000	0.428
1751.227	-0.002	0.428
1752.227	-0.003	0.417
1753.227	0.002	0.420
1754.227	-0.000	0.422
1755.227	-0.001	0.415
1756.227	-0.002	0.419
1757.227	-0.001	0.421
1758.227	-0.003	0.417
1759.227	-0.000	0.418
1760.227	-0.002	0.413
1761.227	-0.002	0.419
1762.227	-0.000	0.422
1763.227	-0.001	0.422
1764.227	-0.002	0.414
1765.227	-0.001	0.417
1766.227	0.001	0.423
1767.227	-0.001	0.419
1768.227	-0.003	0.418
1769.227	-0.002	0.418
1770.227	-0.002	0.422
1771.227	-0.002	0.416
1772.227	-0.003	0.416
1773.227	-0.002	0.424
1774.227	-0.004	0.424
1775.227	-0.003	0.422
1776.227	-0.003	0.422
1777.227	-0.001	0.415
1778.227	-0.002	0.413
1779.227	-0.002	0.418
1780.227	-0.002	0.422
1781.227	-0.001	0.421
1782.227	-0.001	0.425
1783.227	0.000	0.422
1784.227	-0.002	0.422
1785.227	0.002	0.422
1786.227	-0.005	0.425
1787.227	-0.005	0.427
1788.227	-0.001	0.417
1789.227	-0.002	0.418
1790.227	-0.003	0.417
1791.227	-0.002	0.422
1792.227	-0.004	0.418
1793.227	-0.003	0.422
1794.227	0.001	0.422
1795.227	-0.002	0.418
1796.227	-0.004	0.418
1797.227	-0.002	0.421
1798.227	-0.000	0.417
1799.227	-0.004	0.420
1800.227	-0.001	0.419
1801.227	-0.003	0.418
1802.227	-0.000	0.417
1803.227	-0.002	0.419
1804.227	-0.001	0.422
1805.227	-0.001	0.423
1806.227	-0.003	0.420
1807.227	-0.003	0.421
1808.227	-0.002	0.418
1809.227	-0.003	0.416
1810.227	-0.000	0.419
1811.227	-0.000	0.423
1812.227	0.002	0.422
1813.227	-0.001	0.419
1814.227	-0.002	0.418
1815.227	-0.002	0.421
1816.227	-0.000	0.421
1817.227	-0.001	0.421
1818.227	0.000	0.424
1819.227	-0.004	0.419
1820.227	-0.002	0.425
1821.227	0.002	0.427
1822.227	-0.003	0.424
1823.227	-0.001	0.425
1824.227	-0.001	0.421
1825.227	-0.001	0.421
1826.227	-0.002	0.420
1827.227	-0.002	0.423
1828.227	-0.004	0.420
1829.227	-0.001	0.425
1830.227	-0.001	0.416
1831.227	-0.000	0.418
1832.227	-0.002	0.425
1833.227	-0.002	0.424
1834.227	-0.002	0.421
1835.227	-0.001	0.423
1836.227	0.000	0.427
1837.227	-0.005	0.418
1838.227	-0.002	0.424
1839.227	-0.003	0.423
1840.227	-0.002	0.420
1841.227	-0.002	0.421
1842.227	-0.001	0.421
1843.227	-0.001	0.421
1844.227	-0.002	0.421
1845.227	-0.001	0.422
1846.227	-0.001	0.423
1847.227	-0.001	0.420
1848.227	-0.002	0.417
1849.227	-0.001	0.423
1850.227	-0.001	0.422
1851.227	-0.001	0.424
1852.227	-0.001	0.422
1853.227	-0.001	0.421
1854.227	0.000	0.421
1855.227	-0.002	0.425
1856.227	-0.002	0.426
1857.227	-0.003	0.420
1858.227	-0.002	0.419
1859.227	-0.000	0.421
1860.227	-0.004	0.424
1861.227	-0.003	0.422
1862.227	-0.002	0.424
1863.227	-0.002	0.430
1864.227	-0.001	0.424
1865.227	-0.001	0.424
1866.227	-0.002	0.422
1867.227	-0.005	0.427
1868.227	-0.003	0.426
1869.227	0.000	0.424
1870.227	-0.001	0.427
1871.227	-0.002	0.431
1872.227	-0.002	0.421
1873.227	-0.001	0.423
1874.227	0.000	0.421
1875.227	0.000	0.429
1876.227	-0.002	0.425
1877.227	-0.002	0.425
1878.227	-0.003	0.423
1879.227	-0.002	0.420
1880.227	-0.003	0.426
1881.227	-0.002	0.429
1882.227	-0.002	0.427
1883.227	-0.003	0.421
1884.227	-0.002	0.434
1885.227	-0.002	0.425
1886.227	-0.002	0.423
1887.227	-0.002	0.420
1888.227	-0.001	0.428
1889.227	-0.001	0.420
1890.227	-0.003	0.416
1891.227	-0.004	0.422
1892.227	-0.002	0.421
1893.227	-0.003	0.424
1894.227	-0.001	0.419
1895.227	-0.001	0.419
1896.227	-0.001	0.421
1897.227	-0.000	0.427
1898.227	-0.002	0.420
1899.227	-0.001	0.425
1900.227	-0.001	0.421
1901.227	-0.001	0.421
1902.227	-0.002	0.420
1903.227	-0.001	0.424
1904.227	-0.002	0.414
1905.227	-0.002	0.420
1906.227	-0.001	0.427
1907.227	0.000	0.421
1908.227	-0.000	0.416
1909.227	-0.002	0.417
1910.227	-0.002	0.421
1911.227	0.000	0.422
1912.227	0.001	0.426
1913.227	-0.003	0.420
1914.227	-0.003	0.420
1915.227	-0.004	0.420
1916.227	-0.003	0.415
1917.227	-0.000	0.422
1918.227	-0.000	0.419
1919.227	0.001	0.414
1920.227	-0.002	0.421
1921.227	-0.004	0.416
1922.227	-0.002	0.419
1923.227	-0.002	0.418
1924.227	-0.001	0.427
1925.227	-0.002	0.423
1926.227	-0.001	0.425
1927.227	-0.003	0.420
1928.227	-0.004	0.415
1929.227	-0.004	0.419
1930.227	-0.003	0.415
1931.227	0.000	0.416
1932.227	0.000	0.419
1933.227	-0.002	0.414
1934.227	-0.004	0.417
1935.227	0.001	0.425
1936.227	-0.000	0.420
1937.227	-0.001	0.421
1938.227	-0.002	0.420
1939.227	-0.001	0.417
1940.227	0.000	0.420
1941.227	-0.002	0.418
1942.227	-0.002	0.417
1943.227	-0.001	0.424
1944.227	-0.002	0.416
1945.227	-0.002	0.423
1946.227	-0.001	0.422
1947.227	-0.002	0.420
1948.227	-0.002	0.426
1949.227	-0.002	0.428
1950.227	-0.002	0.419
1951.227	0.002	0.417
1952.227	-0.002	0.416
1953.227	-0.003	0.416
1954.227	-0.002	0.424
1955.227	-0.001	0.420
1956.227	-0.002	0.420
1957.227	-0.003	0.422
1958.227	-0.002	0.418
1959.227	-0.002	0.416
1960.227	-0.000	0.418
1961.227	-0.000	0.423
1962.227	-0.002	0.422
1963.227	-0.003	0.420
1964.227	-0.002	0.414
1965.227	-0.003	0.426
1966.227	-0.001	0.421
1967.227	-0.001	0.419
1968.227	-0.002	0.423
1969.227	-0.001	0.414
1970.227	-0.002	0.417
1971.227	0.000	0.417
1972.227	-0.001	0.419
1973.227	-0.003	0.420
1974.227	-0.002	0.425
1975.227	-0.003	0.417
1976.227	-0.000	0.420
1977.227	-0.003	0.416
1978.227	-0.002	0.420
1979.227	-0.001	0.421
1980.227	-0.001	0.416
1981.227	-0.002	0.422
1982.227	-0.003	0.411
1983.227	-0.004	0.424
1984.227	-0.003	0.426
1985.227	0.000	0.420
1986.227	-0.000	0.416
1987.227	-0.001	0.424
1988.227	-0.000	0.424
1989.227	-0.003	0.419
1990.227	-0.005	0.423
1991.227	-0.000	0.423
1992.227	-0.000	0.424
1993.227	-0.001	0.421
1994.227	-0.003	0.419
1995.227	-0.003	0.417
1996.227	-0.002	0.422
1997.227	-0.002	0.415
1998.227	-0.000	0.423
1999.227	-0.001	0.424
2000.227	-0.002	0.420
2001.227	-0.001	0.427
2002.227	-0.003	0.421
2003.227	-0.002	0.426
2004.227	-0.002	0.415
2005.227	-0.001	0.420
2006.227	-0.001	0.417
2007.227	-0.001	0.423
2008.227	-0.002	0.425
2009.227	-0.002	0.422
2010.227	-0.003	0.418
2011.227	-0.002	0.422
2012.227	0.000	0.418
2013.227	-0.000	0.423
2014.227	-0.002	0.422
2015.227	-0.001	0.430
2016.227	0.001	0.421
2017.227	0.001	0.424
2018.227	-0.003	0.423
2019.227	-0.002	0.422
2020.227	-0.001	0.420
2021.227	0.001	0.421
2022.227	-0.002	0.425
2023.227	-0.002	0.418
2024.227	-0.001	0.415
2025.227	-0.001	0.423
2026.227	-0.002	0.425
2027.227	-0.003	0.425
2028.227	-0.001	0.418
2029.227	-0.002	0.413
2030.227	-0.001	0.416
2031.227	-0.001	0.425
2032.227	-0.002	0.429
2033.227	-0.004	0.420
2034.227	-0.001	0.420
2035.227	0.001	0.417
2036.227	-0.004	0.422
2037.227	0.002	0.414
2038.227	-0.001	0.423
2039.227	-0.002	0.421
2040.227	0.000	0.416
2041.227	0.003	0.419
2042.227	-0.002	0.418
2043.227	-0.001	0.417
2044.227	-0.001	0.418
2045.227	-0.000	0.426
2046.227	-0.005	0.419
2047.227	-0.001	0.415
2048.227	0.001	0.414
2049.227	-0.003	0.422
2050.227	-0.003	0.426
2051.227	0.001	0.415
2052.227	-0.002	0.425
2053.227	-0.003	0.418
2054.227	0.000	0.425
2055.227	-0.001	0.427
2056.227	-0.001	0.418
2057.227	-0.002	0.416
2058.227	-0.002	0.422
2059.227	-0.003	0.416
2060.227	-0.001	0.418
2061.227	-0.002	0.419
2062.227	-0.001	0.418
2063.227	-0.000	0.420
2064.227	-0.002	0.416
2065.227	0.000	0.423
2066.227	-0.001	0.419
2067.227	-0.002	0.418
2068.227	-0.001	0.422
2069.227	-0.002	0.418
2070.227	-0.002	0.421
2071.227	-0.002	0.414
2072.227	-0.004	0.418
2073.227	-0.004	0.417
2074.227	-0.002	0.420
2075.227	-0.004	0.421
2076.227	-0.001	0.420
2077.227	-0.004	0.422
2078.227	-0.001	0.420
2079.227	-0.001	0.419
2080.227	-0.001	0.425
2081.227	-0.001	0.422
2082.227	-0.001	0.416
2083.227	-0.003	0.419
2084.227	-0.003	0.420
2085.227	-0.002	0.420
2086.227	-0.002	0.417
2087.227	-0.000	0.422
2088.227	0.000	0.416
2089.227	-0.001	0.419
2090.227	-0.002	0.418
2091.227	-0.001	0.417
2092.227	-0.002	0.418
2093.227	-0.003	0.421
2094.227	-0.002	0.417
2095.227	-0.001	0.412
2096.227	-0.003	0.420
2097.227	-0.001	0.416
2098.227	-0.002	0.422
2099.227	0.001	0.420
2100.227	-0.004	0.417
2101.227	-0.001	0.423
2102.227	-0.001	0.419
2103.227	-0.002	0.416
2104.227	-0.003	0.419
2105.227	-0.002	0.418
2106.227	-0.003	0.415
2107.227	0.001	0.422
2108.227	-0.001	0.417
2109.227	-0.001	0.420
2110.227	-0.002	0.419
2111.227	-0.002	0.415
2112.227	-0.003	0.417
2113.227	-0.003	0.422
2114.227	-0.001	0.415
2115.227	-0.003	0.419
2116.227	-0.001	0.414
2117.227	-0.003	0.419
2118.227	-0.001	0.418
2119.227	-0.002	0.419
2120.227	-0.003	0.417
2121.227	-0.002	0.413
2122.227	-0.002	0.416
2123.227	-0.003	0.421
2124.227	-0.000	0.417
2125.227	-0.002	0.417
2126.227	-0.001	0.414
2127.227	-0.002	0.414
2128.227	-0.002	0.415
2129.227	-0.004	0.416
2130.227	-0.003	0.414
2131.227	-0.003	0.421
2132.227	-0.004	0.419
2133.227	-0.002	0.419
2134.227	-0.002	0.421
2135.227	-0.003	0.419
2136.227	-0.002	0.423
2137.227	-0.002	0.420
2138.227	-0.001	0.422
2139.227	-0.002	0.417
2140.227	-0.002	0.418
2141.227	-0.002	0.415
2142.227	-0.002	0.416
2143.227	-0.003	0.413
2144.227	-0.002	0.413
2145.227	-0.002	0.417
2146.227	-0.001	0.424
2147.227	-0.001	0.417
2148.227	-0.002	0.418
2149.227	-0.002	0.415
2150.227	-0.002	0.415
2151.227	-0.002	0.417
2152.227	-0.000	0.423
2153.227	-0.002	0.420
2154.227	-0.002	0.419
2155.227	-0.003	0.416
2156.227	0.001	0.412
2157.227	-0.001	0.415
2158.227	-0.002	0.422
2159.227	-0.001	0.419
2160.227	0.002	0.418
2161.227	-0.002	0.422
2162.227	-0.002	0.415
2163.227	-0.002	0.424
2164.227	-0.003	0.417
2165.227	-0.004	0.423
2166.227	-0.002	0.417
2167.227	-0.002	0.418
2168.227	-0.002	0.422
2169.227	-0.004	0.414
2170.227	0.000	0.424
2171.227	-0.000	0.414
2172.227	-0.001	0.420
2173.227	-0.001	0.418
2174.227	-0.002	0.414
2175.227	-0.002	0.415
2176.227	-0.003	0.420
2177.227	-0.002	0.415
2178.227	-0.001	0.423
2179.227	-0.002	0.419
2180.227	-0.002	0.411
2181.227	-0.003	0.417
2182.227	-0.002	0.415
2183.227	-0.003	0.415
2184.227	0.002	0.412
2185.227	-0.003	0.417
2186.227	-0.003	0.415
2187.227	-0.002	0.417
2188.227	-0.001	0.422
2189.227	-0.001	0.417
2190.227	-0.002	0.416
2191.227	-0.002	0.417
2192.227	-0.001	0.419
2193.227	-0.002	0.414
2194.227	0.001	0.417
2195.227	-0.002	0.417
2196.227	-0.002	0.417
2197.227	-0.001	0.414
2198.227	-0.001	0.408
2199.227	-0.004	0.413
2200.227	-0.001	0.418
2201.227	-0.003	0.409
2202.227	0.001	0.421
2203.227	-0.001	0.416
2204.227	-0.001	0.412
2205.227	-0.002	0.418
2206.227	-0.002	0.421
2207.227	-0.004	0.423
2208.227	-0.003	0.418
2209.227	-0.001	0.414
2210.227	-0.003	0.416
2211.227	-0.002	0.418
2212.227	-0.002	0.416
2213.227	-0.003	0.415
2214.227	-0.002	0.419
2215.227	-0.000	0.426
2216.227	0.000	0.416
2217.227	-0.003	0.421
2218.227	-0.002	0.420
2219.227	-0.003	0.423
2220.227	-0.001	0.417
2221.227	-0.004	0.419
2222.227	0.001	0.418
2223.227	0.001	0.414
2224.227	0.003	0.416
2225.227	-0.001	0.420
2226.227	-0.000	0.423
2227.227	-0.000	0.414
2228.227	-0.002	0.415
2229.227	-0.002	0.417
2230.227	-0.002	0.416
2231.227	-0.001	0.411
2232.227	-0.002	0.414
2233.227	-0.002	0.416
2234.227	-0.000	0.420
2235.227	-0.000	0.417
2236.227	-0.003	0.420
2237.227	-0.001	0.417
2238.227	0.001	0.421
2239.227	-0.006	0.422
2240.227	-0.002	0.423
2241.227	-0.002	0.412
2242.227	-0.004	0.413
2243.227	-0.008	0.412
2244.227	-0.006	0.415
2245.227	-0.004	0.416
2246.227	-0.001	0.418
2247.227	-0.000	0.415
2248.227	0.002	0.414
2249.227	-0.002	0.417
2250.227	-0.005	0.418
2251.227	-0.004	0.419
2252.227	-0.007	0.418
2253.227	-0.007	0.418
2254.227	-0.004	0.420
2255.227	0.000	0.416
2256.227	-0.003	0.420
2257.227	-0.000	0.423
2258.227	-0.002	0.417
2259.227	-0.004	0.415
2260.227	-0.003	0.419
2261.227	-0.002	0.421
2262.227	-0.002	0.414
2263.227	0.001	0.418
2264.227	-0.003	0.418
2265.227	-0.005	0.412
2266.227	-0.001	0.416
2267.227	-0.001	0.416
2268.227	-0.004	0.419
2269.227	0.001	0.421
2270.227	-0.000	0.415
2271.227	-0.002	0.418
2272.227	0.001	0.421
2273.227	0.003	0.420
2274.227	-0.002	0.421
2275.227	-0.002	0.416
2276.227	-0.001	0.413
2277.227	-0.001	0.412
2278.227	-0.001	0.422
2279.227	-0.003	0.411
2280.227	-0.002	0.416
2281.227	-0.003	0.418
2282.227	-0.002	0.412
2283.227	-0.001	0.414
2284.227	-0.007	0.417
2285.227	-0.003	0.417
2286.227	-0.006	0.417
2287.227	-0.003	0.414
2288.227	0.002	0.414
2289.227	0.002	0.415
2290.227	0.004	0.418
2291.227	0.000	0.412
2292.227	-0.007	0.421
2293.227	-0.002	0.412
2294.227	0.001	0.419
2295.227	-0.003	0.413
2296.227	-0.001	0.413
2297.227	-0.002	0.418
2298.227	-0.002	0.418
2299.227	-0.000	0.419
2300.227	-0.004	0.420
2301.227	-0.002	0.420
2302.227	-0.003	0.414
2303.227	-0.001	0.420
2304.227	-0.001	0.414
2305.227	-0.005	0.414
2306.227	-0.000	0.422
2307.227	-0.000	0.423
2308.227	-0.001	0.415
2309.228	-0.001	0.415
2310.227	-0.003	0.420
2311.227	0.001	0.416
2312.227	-0.000	0.416
2313.227	-0.003	0.420
2314.227	0.000	0.421
2315.227	-0.002	0.409
2316.227	-0.001	0.407
2317.227	-0.003	0.413
2318.227	-0.001	0.411
2319.227	-0.002	0.408
2320.227	-0.002	0.418
2321.227	-0.001	0.417
2322.227	-0.002	0.421
2323.227	-0.000	0.396
2324.227	-0.002	0.425
2325.227	-0.001	-1.930
2326.227	-0.002	-1.895
2327.227	-0.002	0.333
2328.227	-0.003	0.266
2329.227	-0.000	0.282
2330.227	-0.002	0.296
2331.227	0.003	0.293
2332.227	0.001	0.294
2333.227	-0.003	0.292
2334.227	-0.002	0.299
2335.227	-0.003	0.298
2336.227	-0.002	0.306
2337.227	-0.003	0.306
2338.227	-0.000	0.307
2339.227	-0.000	0.319
2340.227	0.001	0.329
2341.227	-0.003	0.344
2342.227	-0.001	0.356
2343.227	0.002	0.377
2344.227	-0.002	0.389
2345.227	-0.001	0.396
2346.227	0.001	0.400
2347.227	0.001	0.405
2348.227	-0.001	0.410
2349.227	-0.002	0.409
2350.227	-0.002	0.413
2351.227	-0.005	0.409
2352.227	-0.001	0.418
2353.227	-0.001	0.418
2354.227	-0.001	0.412
2355.227	-0.001	0.417
2356.227	-0.001	0.411
2357.227	-0.011	0.407
2358.227	-0.002	0.419
2359.227	0.003	0.418
2360.227	-0.001	0.417
2361.227	0.000	0.420
2362.227	-0.005	0.411
2363.227	-0.003	0.406
2364.227	0.003	0.402
2365.227	0.001	0.406
2366.227	-0.001	0.399
2367.227	-0.005	0.395
2368.227	-0.005	0.400
2369.227	-0.006	0.387
2370.227	-0.008	0.392
2371.227	-0.004	0.392
2372.227	-0.001	0.386
2373.227	-0.002	0.390
2374.227	-0.000	0.381
2375.227	-0.001	0.374
2376.227	-0.004	0.382
2377.227	-0.004	0.381
2378.227	-0.003	0.383
2379.227	0.003	0.375
2380.227	-0.004	0.373
2381.227	-0.001	0.373
2382.227	-0.001	0.370
2383.227	-0.003	0.371
2384.227	-0.001	0.371
2385.227	-0.001	0.369
2386.227	-0.001	0.366
2387.227	-0.001	0.362
2388.227	-0.000	0.361
2389.227	-0.001	0.356
2390.227	-0.002	0.364
2391.227	0.000	0.363
2392.227	-0.002	0.355
2393.227	0.002	0.350
2394.227	-0.003	0.352
2395.227	-0.006	0.347
2396.227	-0.005	0.345
2397.227	-0.000	0.337
2398.227	0.000	0.337
2399.227	-0.002	0.330
2400.227	-0.003	0.333
2401.227	0.002	0.330
2402.227	-0.004	0.328
2403.227	-0.002	0.320
2404.227	-0.003	0.319
2405.227	-0.003	0.313
2406.227	-0.001	0.317
2407.227	-0.003	0.315
2408.227	-0.001	0.310
2409.227	-0.002	0.313
2410.227	-0.004	0.315
2411.227	-0.001	0.324
2412.227	-0.005	0.597
2413.227	-0.002	0.606
2414.227	-0.002	0.610
2415.227	-0.000	0.615
2416.227	0.005	0.628
2417.227	-0.003	0.652
2418.227	-0.001	0.658
2419.227	0.006	0.651
2420.227	0.002	0.656
2421.227	0.000	0.851
2422.227	-0.003	0.864
2423.227	-0.001	0.855
2424.227	-0.005	0.878
2425.227	-0.003	0.864
2426.227	-0.001	1.196
2427.227	0.002	1.259
2428.227	0.001	1.338
2429.227	-0.004	1.350
2430.227	-0.001	-2.686
2431.227	-0.005	-2.402
2432.227	-0.005	-2.929
2433.227	-0.004	-2.269
2434.227	-0.003	-3.776
2435.227	0.001	-11.681
2436.227	0.001	-11.681
2437.227	-0.002	-11.681
2438.227	0.001	-11.681
2439.227	0.000	-11.681
2440.227	-0.002	-11.681
2441.227	0.000	-11.681
2442.227	0.001	-11.681
2443.227	0.005	-11.681
2444.227	-0.003	-11.681
2445.227	-0.003	-11.681
2446.227	-0.002	-11.681
2447.227	-0.004	-11.680
2448.227	0.003	-11.681
2449.227	-0.002	-11.681
2450.227	-0.004	-11.681
2451.227	-0.005	-11.681
2452.227	-0.005	-11.681
2453.227	-0.006	-11.680
2454.227	-0.001	-11.680
2455.227	-0.005	-11.680
2456.227	-0.007	-11.680
2457.227	0.003	-11.681
2458.227	0.004	-11.680
2459.227	-0.009	-11.680
2460.227	-0.007	-11.680
2461.227	0.004	-11.679
2462.227	0.005	-11.680
2463.227	0.003	-11.680
2464.227	-0.006	-11.680
2465.227	-0.001	-11.680
2466.227	-0.003	-11.680
2467.227	-0.000	-11.680
2468.227	-0.001	-11.680
2469.227	0.001	-11.681
2470.227	-0.001	-11.681
2471.227	-0.001	-11.681
2472.227	-0.002	-11.681
2473.227	-0.003	-11.682
2474.227	-0.001	-11.682
2475.227	-0.002	-11.683
2476.227	-0.000	-11.683
2477.227	-0.001	-11.683
2478.227	-0.002	-11.683
2479.227	-0.002	-11.683
2480.227	-0.001	-11.683
2481.227	-0.001	-11.683
2482.227	-0.001	-11.683
2483.227	-0.003	-11.683
2484.227	-0.002	-11.684
2485.227	-0.004	-11.685
2486.227	-0.002	-11.685
2487.227	-0.005	-11.684
2488.227	-0.008	-11.685
2489.227	-0.000	-11.685
2490.227	-0.004	-11.686
2491.227	-0.003	-11.687
2492.227	-0.002	-11.687
2493.227	-0.002	-11.689
2494.227	-0.005	-11.689
2495.227	-0.002	-11.691
2496.227	-0.004	-11.692
2497.227	-0.002	-11.692
2498.227	-0.003	-11.693
2499.227	0.001	-11.694
2500.227	-0.001	-11.695
2501.227	-0.004	-11.696
2502.227	-0.002	-11.697
2503.227	-0.001	-11.697
2504.227	0.001	-11.698
2505.227	-0.002	-11.699
2506.227	0.000	-11.700
2507.227	0.004	-11.702
2508.227	0.003	-11.703
2509.227	0.004	-11.704
2510.227	-0.002	-11.705
2511.227	0.001	-11.705
2512.227	0.002	-11.706
2513.227	0.002	-11.707
2514.227	-0.002	-11.708
2515.227	-0.001	-11.709
2516.227	0.000	-11.709
2517.227	-0.002	-11.710
2518.227	-0.001	-11.712
2519.227	-0.002	-11.715
2520.227	0.002	-11.717
2521.227	0.002	-11.719
2522.227	-0.001	-11.720
2523.227	-0.003	-11.725
2524.227	-0.000	-11.725
2525.227	-0.001	-11.726
2526.227	-0.001	-11.726
2527.227	-0.001	-11.727
2528.227	-0.001	-11.729
2529.227	-0.000	-11.729
2530.227	-0.004	-11.730
2531.227	-0.000	-11.730
2532.227	-0.001	-11.729
2533.227	-0.003	-11.731
2534.227	0.000	-11.731
2535.227	-0.003	-11.731
2536.227	-0.001	-11.732
2537.227	-0.002	-11.733
2538.227	-0.002	-11.733
2539.227	-0.002	-11.732
2540.227	-0.001	-11.733
2541.227	-0.003	-11.733
2542.227	-0.002	-11.734
2543.227	-0.001	-11.734
2544.227	-0.002	-11.734
2545.227	-0.001	-11.734
2546.227	-0.002	-11.735
2547.227	-0.002	-11.735
2548.227	-0.000	-11.736
2549.227	-0.001	-11.736
2550.227	-0.004	-11.735
2551.227	-0.003	-11.736
2552.227	-0.002	-11.737
2553.227	-0.002	-11.738
2554.227	-0.001	-11.738
2555.227	-0.001	-11.738
2556.227	-0.002	-11.737
2557.227	-0.001	-11.737
2558.227	-0.003	-11.738
2559.227	-0.007	-11.738
2560.227	-0.002	-11.739
2561.227	-0.000	-11.740
2562.227	-0.003	-11.740
2563.227	-0.003	-11.740
2564.227	-0.001	-11.740
2565.227	-0.003	-11.741
2566.227	-0.002	-11.741
2567.227	-0.002	-11.742
2568.227	-0.002	-11.743
2569.227	-0.001	-11.742
2570.227	0.001	-11.742
2571.227	-0.005	-11.742
2572.227	-0.003	-11.743
2573.227	-0.004	-11.743
2574.227	-0.000	-11.743
2575.227	0.002	-11.744
2576.227	-0.002	-11.743
2577.227	-0.003	-11.744
2578.227	-0.002	-11.744
2579.227	-0.002	-11.743
2580.227	-0.004	-11.744
2581.227	-0.003	-11.743
2582.227	-0.002	-11.743
2583.227	-0.002	-11.745
2584.227	-0.001	-11.744
2585.227	-0.001	-11.744
2586.227	-0.002	-11.745
2587.227	-0.002	-11.744
2588.227	-0.002	-11.745
2589.227	-0.002	-11.745
2590.227	-0.005	-11.744
2591.227	-0.006	-11.744
2592.227	-0.005	-11.744
2593.227	-0.002	-11.744
2594.227	-0.001	-11.744
2595.227	-0.002	-11.745
2596.227	-0.001	-11.744
2597.227	-0.003	-11.744
2598.227	-0.002	-11.745
2599.227	-0.002	-11.745
2600.227	-0.003	-11.745
2601.227	-0.002	-11.745
2602.227	-0.001	-11.745
2603.227	-0.002	-11.745
2604.227	0.001	-11.745
2605.227	-0.001	-11.745
2606.227	0.001	-11.745
2607.227	-0.003	-11.746
2608.227	0.000	-11.745
2609.227	0.003	-11.744
2610.227	-0.003	-11.744
2611.227	-0.002	-11.745
2612.227	-0.004	-11.745
2613.227	-0.003	-11.745
2614.227	-0.001	-11.745
2615.227	-0.003	-11.745
2616.227	-0.001	-11.745
2617.227	-0.001	-11.745
2618.227	-0.000	-11.745
2619.227	-0.002	-11.745
2620.227	-0.004	-11.745
2621.227	0.001	-11.746
2622.227	-0.001	-11.746
2623.227	0.000	-11.746
2624.227	-0.002	-11.746
2625.227	-0.002	-11.746
2626.227	-0.001	-11.746
2627.227	-0.001	-11.746
2628.227	-0.002	-11.745
2629.227	-0.001	-11.745
2630.227	-0.002	-11.746
2631.227	-0.003	-11.747
2632.227	-0.002	-11.746
2633.227	-0.001	-11.746
2634.227	-0.001	-11.746
2635.227	-0.001	-11.745
2636.227	-0.005	-11.745
2637.227	-0.004	-11.745
2638.227	-0.003	-11.746
2639.227	-0.002	-11.745
2640.227	-0.003	-11.745
2641.227	0.001	-11.744
2642.227	-0.003	-11.744
2643.227	-0.002	-11.745
2644.227	-0.002	-11.745
2645.227	-0.002	-11.744
2646.227	-0.002	-11.745
2647.227	-0.001	-11.744
2648.227	-0.000	-11.744
2649.227	0.000	-11.744
2650.227	-0.002	-11.744
2651.227	0.000	-11.744
2652.227	-0.003	-11.744
2653.227	-0.001	-11.745
2654.227	-0.003	-11.744
2655.227	0.001	-11.743
2656.227	-0.003	-11.743
2657.227	0.001	-11.744
2658.227	-0.004	-11.743
2659.227	0.000	-11.743
2660.227	0.002	-11.743
2661.227	-0.003	-11.744
2662.227	-0.006	-11.744
2663.227	-0.006	-11.744
2664.227	-0.001	-11.744
2665.227	-0.002	-11.744
2666.227	-0.002	-11.744
2667.227	0.001	-11.744
2668.227	-0.003	-11.744
2669.227	-0.005	-11.744
2670.227	-0.003	-11.744
2671.227	0.000	-11.744
2672.227	-0.003	-11.744
2673.227	0.000	-11.743
2674.227	-0.001	-11.744
2675.227	-0.005	-11.744
2676.227	-0.003	-11.745
2677.227	0.001	-11.744
2678.227	-0.003	-11.744
2679.227	-0.004	-11.745
2680.227	0.001	-11.744
2681.227	-0.002	-11.744
2682.227	-0.003	-11.744
2683.227	-0.001	-11.744
2684.227	-0.005	-11.743
2685.227	-0.000	-11.743
2686.227	0.000	-11.743
2687.227	-0.003	-11.743
2688.227	-0.002	-11.743
2689.227	0.000	-11.743
2690.227	0.002	-11.743
2691.227	-0.002	-11.743
2692.227	-0.003	-11.742
2693.227	0.001	-11.742
2694.227	-0.003	-11.741
2695.227	-0.005	-11.741
2696.227	-0.003	-11.741
2697.227	-0.002	-11.741
2698.227	-0.001	-11.741
2699.227	-0.004	-11.741
2700.227	-0.002	-11.741
2701.227	-0.000	-11.741
2702.227	-0.001	-11.741
2703.227	-0.001	-11.741
2704.227	-0.002	-11.741
2705.227	-0.002	-11.741
2706.227	0.000	-11.741
2707.227	-0.003	-11.741
2708.227	0.001	-11.741
2709.227	-0.001	-11.741
2710.227	-0.001	-11.741
2711.227	-0.004	-11.740
2712.227	-0.004	-11.740
2713.227	-0.005	-11.741
2714.227	-0.005	-11.740
2715.227	-0.004	-11.739
2716.227	0.000	-11.740
2717.227	-0.002	-11.740
2718.227	-0.003	-11.739
2719.227	-0.002	-11.740
2720.227	-0.002	-11.739
2721.227	-0.002	-11.739
2722.227	-0.003	-11.740
2723.227	-0.001	-11.740
2724.227	-0.004	-11.740
2725.227	-0.000	-11.740
2726.227	-0.002	-11.740
2727.227	-0.001	-11.740
2728.227	-0.004	-11.740
2729.227	-0.006	-11.740
2730.227	-0.004	-11.740
2731.227	-0.004	-11.741
2732.227	-0.001	-11.741
2733.227	-0.001	-11.740
2734.227	-0.004	-11.740
2735.227	-0.000	-11.740
2736.227	-0.003	-11.740
2737.227	-0.002	-11.740
2738.227	-0.002	-11.740
2739.227	-0.004	-11.740
2740.227	-0.002	-11.740
2741.227	0.002	-11.740
2742.227	0.004	-11.740
2743.227	0.002	-11.740
2744.227	0.001	-11.740
2745.227	-0.003	-11.740
2746.227	-0.000	-11.740
2747.227	0.002	-11.740
2748.227	-0.004	-11.740
2749.227	0.000	-11.740
2750.227	-0.002	-11.740
2751.227	-0.005	-11.740
2752.227	0.002	-11.740
2753.227	-0.006	-11.739
2754.227	-0.002	-11.740
2755.227	-0.004	-11.740
2756.227	0.002	-11.740
2757.227	-0.005	-11.740
2758.227	-0.005	-11.740
2759.227	-0.001	-11.739
2760.227	-0.001	-11.739
2761.227	-0.001	-11.739
2762.227	0.001	-11.739
2763.227	0.002	-11.740
2764.227	-0.006	-11.740
2765.227	-0.003	-11.740
2766.227	0.000	-11.740
2767.227	-0.004	-11.740
2768.227	-0.000	-11.740
2769.227	-0.004	-11.739
2770.227	-0.004	-11.739
2771.227	-0.011	-11.739
2772.227	0.006	-11.739
2773.227	0.000	-11.738
2774.227	-0.005	-11.739
2775.227	-0.004	-11.739
2776.227	-0.000	-11.739
2777.227	0.004	-11.739
2778.227	-0.003	-11.739
2779.227	-0.003	-11.739
2780.227	-0.002	-11.739
2781.227	-0.004	-11.739
2782.227	-0.003	-11.739
2783.227	-0.000	-11.739
2784.227	-0.002	-11.740
2785.227	-0.002	-11.740
2786.227	-0.002	-11.740
2787.227	0.003	-11.740
2788.227	0.002	-11.739
2789.227	0.004	-11.739
2790.227	0.003	-11.739
2791.227	-0.004	-11.739
2792.227	-0.002	-11.740
2793.227	0.001	-11.740
2794.227	-0.004	-11.740
2795.227	-0.000	-11.740
2796.227	0.001	-11.740
2797.227	-0.002	-11.740
2798.227	-0.004	-11.739
2799.227	-0.000	-11.740
2800.227	-0.000	-11.740
2801.227	-0.007	-11.740
2802.227	-0.003	-11.740
2803.227	-0.002	-11.740
2804.227	-0.000	-11.740
2805.227	-0.002	-11.740
2806.227	-0.001	-11.739
2807.227	-0.002	-11.739
2808.227	-0.001	-11.739
2809.227	-0.014	-11.739
2810.227	-0.005	-11.739
2811.227	-0.001	-11.739
2812.227	-0.002	-11.739
2813.227	-0.002	-11.739
2814.227	-0.004	-11.739
2815.227	-0.002	-11.739
2816.227	0.004	-11.740
2817.227	-0.003	-11.740
2818.227	-0.001	-11.739
2819.227	-0.005	-11.739
2820.227	-0.001	-11.740
2821.227	-0.004	-11.739
2822.227	-0.001	-11.740
2823.227	-0.001	-11.739
2824.227	-0.002	-11.740
2825.227	0.001	-11.739
2826.227	-0.004	-11.739
2827.227	-0.002	-11.740
2828.227	-0.001	-11.740
2829.227	-0.002	-11.739
2830.227	-0.002	-11.740
2831.227	-0.001	-11.740
2832.227	-0.003	-11.739
2833.227	-0.001	-11.739
2834.227	-0.003	-11.739
2835.227	0.002	-11.739
2836.227	-0.004	-11.739
2837.227	0.000	-11.739
2838.227	-0.001	-11.739
2839.227	-0.002	-11.740
2840.227	-0.001	-11.739
2841.227	-0.001	-11.740
2842.227	-0.003	-11.740
2843.227	0.001	-11.740
2844.227	-0.000	-11.740
2845.227	-0.002	-11.740
2846.227	-0.003	-11.739
2847.227	-0.000	-11.739
2848.227	-0.003	-11.740
2849.227	-0.000	-11.740
2850.227	0.003	-11.740
2851.227	-0.003	-11.740
2852.227	-0.002	-11.739
2853.227	-0.002	-11.739
2854.227	-0.001	-11.739
2855.227	-0.001	-11.739
2856.227	-0.000	-11.739
2857.227	0.004	-11.739
2858.227	-0.001	-11.739
2859.227	-0.002	-11.739
2860.227	-0.001	-11.739
2861.227	-0.002	-11.738
2862.227	-0.002	-11.738
2863.227	-0.004	-11.739
2864.227	-0.002	-11.739
2865.227	-0.001	-11.738
2866.227	-0.002	-11.739
2867.227	-0.001	-11.739
2868.227	-0.002	-11.739
2869.227	-0.001	-11.739
2870.227	-0.005	-11.739
2871.227	-0.003	-11.739
2872.227	-0.004	-11.739
2873.227	-0.005	-11.739
2874.227	-0.005	-11.739
2875.227	-0.004	-11.740
2876.227	-0.002	-11.740
2877.227	-0.004	-11.739
2878.227	-0.002	-11.740
2879.227	0.001	-11.740
2880.227	0.000	-11.740
2881.227	-0.002	-11.740
2882.227	-0.002	-11.740
2883.227	0.000	-11.740
2884.227	-0.003	-11.740
2885.227	-0.001	-11.740
2886.227	-0.004	-11.740
2887.227	0.002	-11.740
2888.227	-0.004	-11.739
2889.227	-0.002	-11.740
2890.227	0.001	-11.739
2891.227	-0.002	-11.740
2892.227	-0.001	-11.740
2893.227	-0.002	-11.739
2894.227	-0.000	-11.739
2895.227	-0.002	-11.739
2896.227	-0.002	-11.739
2897.227	-0.002	-11.738
2898.227	-0.003	-11.738
2899.227	-0.001	-11.738
2900.227	-0.005	-11.739
2901.227	-0.002	-11.738
2902.227	0.002	-11.738
2903.227	-0.003	-11.738
2904.227	-0.001	-11.738
2905.227	-0.003	-11.738
2906.227	-0.001	-11.738
2907.227	-0.003	-11.738
2908.227	-0.002	-11.738
2909.227	0.006	-11.738
2910.227	-0.003	-11.737
2911.227	-0.005	-11.737
2912.227	-0.003	-11.738
2913.227	-0.000	-11.738
2914.227	-0.001	-11.738
2915.227	-0.002	-11.738
2916.227	-0.000	-11.738
2917.227	0.003	-11.738
2918.227	-0.002	-11.738
2919.227	-0.002	-11.737
2920.227	-0.002	-11.737
2921.227	-0.001	-11.737
2922.227	-0.003	-11.737
2923.227	-0.000	-11.738
2924.227	0.002	-11.738
2925.227	-0.001	-11.738
2926.227	-0.004	-11.737
2927.227	-0.003	-11.738
2928.227	-0.002	-11.738
2929.227	-0.002	-11.739
2930.227	-0.000	-11.738
2931.227	-0.002	-11.738
2932.227	-0.002	-11.738
2933.227	-0.001	-11.738
2934.227	-0.003	-11.738
2935.227	0.001	-11.738
2936.227	-0.002	-11.738
2937.227	0.001	-11.738
2938.227	-0.004	-11.738
2939.227	-0.001	-11.738
2940.227	-0.002	-11.738
2941.227	-0.003	-11.738
2942.227	-0.001	-11.737
2943.227	-0.001	-11.738
2944.227	-0.004	-11.738
2945.227	-0.002	-11.739
2946.227	0.002	-11.738
2947.227	-0.001	-11.739
2948.227	-0.002	-11.739
2949.227	-0.001	-11.739
2950.227	-0.001	-11.740
2951.227	-0.002	-11.739
2952.227	-0.002	-11.739
2953.227	-0.002	-11.739
2954.227	-0.003	-11.738
2955.227	-0.002	-11.739
2956.227	-0.002	-11.738
2957.227	-0.007	-11.738
2958.227	-0.004	-11.739
2959.227	-0.001	-11.738
2960.227	0.001	-11.738
2961.227	-0.002	-11.738
2962.227	-0.002	-11.739
2963.227	-0.001	-11.739
2964.227	0.000	-11.738
2965.227	-0.001	-11.738
2966.227	-0.000	-11.738
2967.227	-0.000	-11.738
2968.227	-0.001	-11.738
2969.227	-0.003	-11.738
2970.227	-0.003	-11.738
2971.227	-0.003	-11.738
2972.227	-0.002	-11.737
2973.227	-0.001	-11.738
2974.227	-0.007	-11.738
2975.227	0.000	-11.739
2976.227	-0.003	-11.739
2977.227	-0.004	-11.739
2978.227	-0.004	-11.739
2979.227	-0.002	-11.739
2980.227	0.001	-11.739
2981.227	-0.002	-11.739
2982.227	-0.002	-11.739
2983.227	-0.002	-11.739
2984.227	-0.002	-11.738
2985.227	-0.004	-11.739
2986.227	-0.001	-11.739
2987.227	-0.005	-11.739
2988.227	-0.006	-11.739
2989.227	-0.002	-11.739
2990.227	0.000	-11.739
2991.227	-0.004	-11.739
2992.227	-0.001	-11.739
2993.227	-0.000	-11.739
2994.227	-0.003	-11.738
2995.227	-0.003	-11.738
2996.227	-0.002	-11.738
2997.227	-0.001	-11.739
2998.227	-0.002	-11.739
2999.227	-0.002	-11.739
3000.227	-0.002	-11.738
3001.227	-0.001	-11.739
3002.227	-0.002	-11.738
3003.227	-0.001	-11.739
3004.227	-0.004	-11.739
3005.227	-0.002	-11.738
3006.227	-0.003	-11.738
3007.227	-0.002	-11.738
3008.227	-0.002	-11.737
3009.227	-0.001	-11.738
3010.227	-0.003	-11.737
3011.227	-0.003	-11.737
3012.227	-0.003	-11.737
3013.227	-0.002	-11.738
3014.227	-0.004	-11.738
3015.227	-0.002	-11.738
3016.227	-0.003	-11.738
3017.227	-0.001	-11.738
3018.227	-0.004	-11.738
3019.227	-0.000	-11.739
3020.227	0.001	-11.739
3021.227	-0.004	-11.740
3022.227	-0.004	-11.739
3023.227	-0.007	-11.739
3024.227	-0.005	-11.739
3025.227	-0.006	-11.739
3026.227	0.001	-11.739
3027.227	-0.002	-11.738
3028.227	-0.002	-11.738
3029.227	-0.002	-11.740
3030.227	-0.003	-11.742
3031.227	-0.003	-11.742
3032.227	0.002	-11.741
3033.227	-0.002	-11.742
3034.227	-0.001	-11.743
3035.227	-0.002	-11.741
3036.227	-0.007	-11.742
3037.227	-0.005	-11.743
3038.227	-0.003	-11.742
3039.227	0.001	-11.742
3040.227	0.004	-11.739
3041.227	-0.008	-11.738
3042.227	-0.002	-11.740
3043.227	0.002	-11.736
3044.227	-0.002	-11.738
3045.227	0.001	-11.738
3046.227	-0.005	-11.738
3047.227	-0.006	-11.738
3048.227	-0.002	-11.736
3049.227	-0.003	-11.738
3050.227	-0.003	-11.737
3051.227	-0.002	-11.737
3052.227	-0.001	-11.739
3053.227	-0.001	-11.738
3054.227	-0.001	-11.736
3055.227	-0.003	-11.736
3056.227	-0.001	-11.735
3057.227	-0.002	-11.734
3058.227	-0.004	-11.735
3059.227	-0.002	-11.739
3060.227	-0.002	-11.737
3061.227	-0.002	-11.930
3062.227	-0.001	-12.451
3063.227	-0.004	-12.521
3064.227	-0.003	-13.354
3065.227	-0.006	-13.464
3066.227	-0.003	-13.872
3067.227	0.002	-13.955
3068.227	0.000	-13.740
3069.227	-0.002	-13.730
3070.227	-0.001	-13.569
3071.227	-0.003	-13.703
3072.227	0.003	-13.678
3073.227	0.001	-13.737
3074.227	0.004	-13.673
3075.227	0.003	-13.663
3076.227	0.001	-13.547
3077.227	-0.001	-13.628
3078.227	0.000	-13.758
3079.227	-0.002	-13.606
3080.227	-0.003	-13.668
3081.227	-0.001	-13.817
3082.227	-0.002	-13.766
3083.227	-0.002	-13.722
3084.227	-0.001	-13.491
3085.227	-0.001	-13.633
3086.227	-0.004	-13.570
3087.227	-0.002	-13.586
3088.227	-0.002	-13.655
3089.227	-0.004	-13.708
3090.227	-0.002	-13.724
3091.227	0.000	-13.762
3092.227	-0.001	-13.818
3093.227	-0.003	-14.076
3094.227	-0.002	-14.276
3095.227	-0.002	-14.392
3096.227	-0.001	-14.232
3097.227	-0.004	-14.470
3098.227	-0.007	-13.622
3099.227	-0.006	-12.738
3100.227	-0.004	-12.775
3101.227	0.002	-12.721
3102.227	0.002	-12.734
3103.227	0.001	-12.723
3104.227	-0.002	-12.721
3105.227	-0.001	-12.696
3106.227	-0.002	-12.682
3107.227	-0.002	-12.797
3108.227	0.000	-12.755
3109.227	-0.002	-12.799
3110.227	-0.004	-12.809
3111.227	-0.002	-12.798
3112.227	-0.002	-12.811
3113.227	0.002	-12.885
3114.227	0.003	-12.863
3115.227	0.003	-12.837
3116.227	0.003	-12.891
3117.227	-0.002	-12.819
3118.227	-0.003	-12.676
3119.227	-0.003	-12.668
3120.227	0.000	-12.649
3121.227	-0.004	-12.707
3122.227	-0.001	-12.778
3123.227	-0.001	-12.791
3124.227	-0.001	-12.737
3125.227	-0.003	-12.777
3126.227	-0.002	-12.750
3127.227	-0.001	-12.770
3128.227	-0.002	-12.787
3129.227	-0.001	-12.844
3130.227	-0.004	-12.846
3131.227	-0.001	-12.817
3132.227	-0.002	-12.774
3133.227	0.002	-12.710
3134.227	-0.002	-12.658
3135.227	-0.003	-12.648
3136.227	-0.002	-12.756
3137.227	-0.003	-12.817
3138.227	0.000	-12.810
3139.227	-0.004	-12.709
3140.227	-0.003	-12.671
3141.227	-0.001	-12.728
3142.227	-0.003	-12.718
3143.227	-0.001	-12.777
3144.227	-0.002	-12.763
3145.227	-0.001	-12.834
3146.227	-0.001	-12.850
3147.227	-0.002	-12.794
3148.227	-0.001	-12.808
3149.227	-0.001	-12.834
3150.227	0.001	-12.871
3151.227	-0.004	-12.870
3152.227	-0.002	-12.762
3153.227	-0.002	-12.769
3154.227	-0.003	-12.701
3155.227	-0.002	-12.761
3156.227	-0.002	-12.857
3157.227	-0.002	-12.778
3158.227	-0.002	-12.801
3159.227	-0.005	-12.832
3160.227	-0.006	-12.847
3161.227	-0.001	-12.859
3162.227	-0.003	-12.853
3163.227	0.000	-12.825
3164.227	-0.002	-12.851
3165.227	-0.004	-12.816
3166.227	-0.002	-12.852
3167.227	-0.002	-12.868
3168.227	-0.002	-12.758
3169.227	-0.003	-12.828
3170.227	-0.001	-12.745
3171.227	-0.002	-12.855
3172.227	-0.002	-12.827
3173.227	-0.002	-12.815
3174.227	-0.003	-12.809
3175.227	-0.003	-12.824
3176.227	-0.001	-12.890
3177.227	-0.002	-12.899
3178.227	-0.003	-12.885
3179.227	-0.003	-12.878
3180.227	-0.001	-12.894
3181.227	-0.003	-12.918
3182.227	-0.003	-12.902
3183.227	-0.002	-12.910
3184.227	-0.003	-12.839
3185.227	-0.002	-12.789
3186.227	-0.003	-12.753
3187.227	-0.006	-12.766
3188.227	-0.002	-12.815
3189.227	-0.003	-12.763
3190.227	-0.007	-12.883
3191.227	-0.002	-12.872
3192.227	-0.001	-12.787
3193.227	-0.002	-12.768
3194.227	-0.001	-12.785
3195.227	-0.002	-12.743
3196.227	-0.000	-12.762
3197.227	-0.001	-12.774
3198.227	0.001	-12.793
3199.227	-0.004	-12.813
3200.227	-0.003	-12.824
3201.227	0.000	-12.780
3202.227	-0.002	-12.794
3203.227	-0.002	-12.837
3204.227	0.001	-12.784
3205.227	-0.004	-12.818
3206.227	-0.006	-12.811
3207.227	-0.002	-12.779
3208.227	-0.003	-12.892
3209.227	-0.001	-12.888
3210.227	-0.002	-12.888
3211.227	-0.002	-12.732
3212.227	0.000	-12.837
3213.227	-0.002	-12.771
3214.227	-0.001	-12.767
3215.227	-0.001	-12.788
3216.227	-0.001	-12.830
3217.227	-0.002	-12.846
3218.227	-0.000	-12.841
3219.227	-0.005	-12.844
3220.227	-0.002	-12.835
3221.227	0.002	-12.795
3222.227	-0.001	-12.800
3223.227	-0.002	-12.806
3224.227	-0.003	-12.821
3225.227	-0.000	-12.814
3226.227	-0.001	-12.845
3227.227	-0.000	-12.803
3228.227	-0.002	-12.852
3229.227	0.002	-12.817
3230.227	-0.001	-12.864
3231.227	0.000	-12.820
3232.227	-0.003	-12.758
3233.227	-0.001	-12.809
3234.227	-0.002	-1990.000
3235.227	-0.002	-13.000
3236.227	-0.002	-13.000
3237.227	-0.003	-13.000
3238.227	0.000	-13.000
3239.227	-0.003	-10.100
3240.227	-0.000	-7.600
3241.227	-0.003	-7.400
3242.227	-0.000	-7.600
3243.227	-0.001	-7.500
3244.227	-0.004	-9.560
3245.227	-0.001	-4.670
3246.227	-0.002	-4.690
3247.227	-0.002	-4.660
3248.227	-0.003	-4.680
3249.227	-0.002	-9.726
3250.227	-0.004	-12.966
3251.227	-0.002	-12.885
3252.227	-0.000	-12.881
3253.227	-0.002	-12.775
3254.227	-0.002	-12.769
3255.227	-0.002	0.031
3256.227	-0.001	0.008
3257.227	-0.000	-0.023
3258.227	-0.001	0.029
3259.227	-0.002	0.018
3260.227	-0.001	-0.038
3261.227	0.003	-0.047
3262.227	-0.000	-0.131
3263.227	0.005	-0.019
3264.227	-0.001	-0.014
3265.227	-0.002	-0.065
3266.227	-0.002	-0.103
3267.227	-0.001	-0.056
3268.227	-0.003	-0.015
3269.227	-0.002	0.052
